TDRS 3                  
1 19548U 88091B   26164.26562087 -.00000296  00000+0  00000+0 0  9994
2 19548  12.6050 341.0272 0038395 356.0222 331.3144  1.00274509125342
FLTSATCOM 8 (USA 46)    
1 20253U 89077A   26163.93124297 -.00000364  00000+0  00000+0 0  9990
2 20253  12.4230 351.1914 0004560  52.6763 318.2259  1.00279686260528
SKYNET 4C               
1 20776U 90079A   26162.20198485  .00000132  00000+0  00000+0 0  9995
2 20776  13.3423 349.8525 0002401  96.2300 279.5546  1.00274124130837
TDRS 5                  
1 21639U 91054B   26164.28532663  .00000085  00000+0  00000+0 0  9995
2 21639  14.0718 353.8074 0006393 274.5771 288.2368  1.00272600127676
TDRS 6                  
1 22314U 93003B   26164.23139742 -.00000294  00000+0  00000+0 0  9991
2 22314  14.1828 357.0900 0007716 177.9774 123.9808  1.00272832122365
UFO 2 (USA 95)          
1 22787U 93056A   26163.19918794  .00000130  00000+0  00000+0 0  9997
2 22787  11.8933   3.5848 0006117   7.1452 350.1376  1.00274344118498
USA 99 (MILSTAR-1 1)    
1 22988U 94009A   26164.26819845 -.00000085  00000+0  00000+0 0  9995
2 22988  17.6208  27.7466 0001125 213.7864 143.4643  0.98721948 32904
UFO 4 (USA 108)         
1 23467U 95003A   26163.79792726 -.00000018  00000+0  00000+0 0  9994
2 23467   9.6987  13.2469 0003137  62.3928 284.9045  1.00271877114902
TDRS 7                  
1 23613U 95035B   26163.99533590 -.00000234  00000+0  00000+0 0  9996
2 23613  13.3789 348.2209 0011096  77.4157 282.9490  1.00265562113202
USA 115 (MILSTAR-1 2)   
1 23712U 95060A   26164.27077818 -.00000183  00000+0  00000+0 0  9995
2 23712  14.0715   3.7774 0001566 142.5931 117.1762  1.00364842 32846
INMARSAT 3-F1           
1 23839U 96020A   26164.18864138 -.00000141  00000+0  00000+0 0  9995
2 23839  10.5932  46.6727 0003723  44.8686 146.9289  0.99979264110219
INMARSAT 3-F2           
1 24307U 96053A   26163.50917000 -.00000217  00000+0  00000+0 0  9998
2 24307   9.8471  53.9857 0006754  25.7656 158.2820  1.00003983108871
INMARSAT 3-F3           
1 24674U 96070A   26163.78308595  .00000136  00000+0  00000+0 0  9996
2 24674  10.3092  49.6969 0003455  19.4088 161.0342  0.99980403107861
AMC-3                   
1 24936U 97050A   26163.32267052  .00000054  00000+0  00000+0 0  9997
2 24936   8.1510  64.0494 0004111  27.8772 175.7330  0.99060680 52380
USA 134                 
1 25019U 97065A   26164.32513208 -.00000062  00000+0  00000+0 0  9994
2 25019  12.7794  21.7511 0003367 335.9303 268.7675  1.00269340 32912
INMARSAT 3-F5           
1 25153U 98006B   26164.12406229 -.00000287  00000+0  00000+0 0  9990
2 25153   9.6840  53.2993 0004429  25.6664 173.1600  1.00269237103859
ABS-6                   
1 25924U 99053A   26164.22308773  .00000000  00000+0  00000+0 0  9997
2 25924   0.0290  33.7650 0003477  67.0540  40.0348  1.00269160 97800
UFO 10 (USA 146)        
1 25967U 99063A   26163.40285757 -.00000182  00000+0  00000+0 0  9992
2 25967   9.8428  27.2366 0002106  32.1640 323.4355  1.00272117 97296
ASIASTAR                
1 26107U 00016A   26163.64206197 -.00000327  00000+0  00000+0 0  9997
2 26107   9.1187  58.2030 0004403  24.8143 154.1180  1.00270975 95875
USA 149 (DSP 20)        
1 26356U 00024A   26164.31198403  .00000095  00000+0  00000+0 0  9998
2 26356  13.1676  11.8796 0001816 305.2912 251.3639  1.00273051 32876
TDRS 8                  
1 26388U 00034A   26163.63798861 -.00000190  00000+0  00000+0 0  9999
2 26388  12.6767  31.3622 0004816  14.9650 168.9899  1.00268045 95133
NSS-11                  
1 26554U 00059A   26164.22646774  .00000036  00000+0  00000+0 0  9990
2 26554   2.1160  81.4333 0002865   7.9231  69.7348  1.00273028 41251
USA 153                 
1 26575U 00065A   26163.50526999 -.00000319  00000+0  00000+0 0  9991
2 26575  11.6166  35.4608 0003044  46.8377 134.9430  1.00270537 32880
AMC-6                   
1 26580U 00067A   26164.27044106  .00000101  00000+0  00000+0 0  9997
2 26580   0.1422  83.0756 0003453  10.3685 130.4629  1.00272015 93857
USA 157 (MILSTAR-2 2)   
1 26715U 01009A   26164.26001155  .00000112  00000+0  00000+0 0  9992
2 26715  11.5383  19.7882 0039345 177.5496   7.7644  1.00272910 32906
USA 159 (DSP 21)        
1 26880U 01033A   26164.16527220 -.00000133  00000+0  00000+0 0  9991
2 26880  12.7783  16.4706 0001333 136.1195  92.9029  0.99197423 32914
INTELSAT 902 (IS-902)   
1 26900U 01039A   26164.03911022 -.00000275  00000+0  00000+0 0  9990
2 26900   6.1073  71.8345 0004526   6.2308 147.2710  1.00271498 90654
USA 164 (MILSTAR-2 3)   
1 27168U 02001A   26164.26663845  .00000100  00000+0  00000+0 0  9995
2 27168  11.1748  21.9307 0098959   8.2994 346.3394  1.00275980 32911
INTELSAT 904 (IS-904)   
1 27380U 02007A   26164.05027513 -.00000218  00000+0  00000+0 0  9991
2 27380   6.9094  69.2332 0006504   3.3250 175.4234  1.00271515 51726
DIRECTV 5 (TEMPO 1)     
1 27426U 02023A   26164.19975383 -.00000048  00000+0  00000+0 0  9993
2 27426   4.8673  75.3590 0003220  20.0014 127.9653  1.00271407 88083
INTELSAT 905 (IS-905)   
1 27438U 02027A   26164.27264481  .00000101  00000+0  00000+0 0  9998
2 27438   6.7435  69.8461 0003813  19.8522 132.8272  1.00271936 51322
GALAXY 3C (G-3C)        
1 27445U 02030A   26164.13397565 -.00000142  00000+0  00000+0 0  9991
2 27445   3.7203  78.0309 0001571  34.8216 101.9819  1.00270875 46452
INTELSAT 906 (IS-906)   
1 27513U 02041A   26163.84777111  .00000022  00000+0  00000+0 0  9991
2 27513   5.7921  72.9756 0004656   2.7202 194.8044  1.00272055 86987
NIMIQ 2                 
1 27632U 02062A   26164.24124726 -.00000065  00000+0  00000+0 0  9997
2 27632   9.4370  56.9416 0005420  21.2451 161.0265  1.00271657 44145
USA 167                 
1 27691U 03008A   26164.22077525  .00000006  00000+0  00000+0 0  9999
2 27691  10.9533  43.4438 0003820 310.9666 224.9018  1.00273055  6733
USA 169 (MILSTAR-2 4)   
1 27711U 03012A   26163.42869662 -.00000228  00000+0  00000+0 0  9996
2 27711  12.3423  29.8796 0100621   9.0638 168.2670  1.00273707 32903
ASIASAT 4               
1 27718U 03014A   26164.21517910 -.00000213  00000+0  00000+0 0  9993
2 27718   4.6946  75.7970 0002975  10.0573  40.6896  1.00271278 45268
HELLAS-SAT 2            
1 27811U 03020A   26163.97574869 -.00000077  00000+0  00000+0 0  9990
2 27811   7.3440  67.9336 0002392  17.7831 156.8356  1.00271061 42802
THURAYA-2               
1 27825U 03026A   26164.27157847  .00000129  00000+0  00000+0 0  9995
2 27825   8.8346  31.9963 0003128   8.7136   2.6419  1.00272394 84311
OPTUS C1                
1 27831U 03028B   26163.96657147 -.00000143  00000+0  00000+0 0  9994
2 27831   6.8788  69.4599 0005474   9.4427 326.0852  1.00272844 53011
USA 170                 
1 27875U 03040A   26163.83992719  .00000131  00000+0  00000+0 0  9995
2 27875  10.4916  47.9884 0002225  64.2538 115.6114  1.00267655 32951
GALAXY 13 (HORIZONS-1)  
1 27954U 03044A   26164.29046497  .00000144  00000+0  00000+0 0  9995
2 27954   1.4098  83.9135 0002283 347.3239 144.9411  1.00269279 46534
YAMAL 202               
1 28089U 03053A   26163.58237433 -.00000070  00000+0  00000+0 0  9997
2 28089   6.3301  70.9950 0003056  17.7239 185.4205  1.00270704 82652
UFO 11 (USA 174)        
1 28117U 03057A   26164.12663806 -.00000100  00000+0  00000+0 0  9995
2 28117   8.9308  33.8495 0002629  51.8569 296.9230  1.00274523 82403
USA 176 (DSP 22)        
1 28158U 04004A   26162.97340249 -.00000286  00000+0  00000+0 0  9992
2 28158  12.0550  26.1076 0001239 290.9902 243.8917  1.00406369 32881
ABS-4 (MOBISAT-1)       
1 28184U 04007A   26163.80719475  .00000048  00000+0  00000+0 0  9993
2 28184   6.0312  72.0608 0005197   7.1967 173.4178  1.00272474 52298
INTELSAT 10-02          
1 28358U 04022A   26164.26265176  .00000001  00000+0  00000+0 0  9997
2 28358   0.0107 328.0771 0000154 237.9101 149.1356  1.00269830 80519
ANIK F2                 
1 28378U 04027A   26164.19975383 -.00000039  00000+0  00000+0 0  9996
2 28378   3.2765  79.4986 0004022   6.3672 136.4356  1.00271241 41223
AMC-15                  
1 28446U 04041A   26164.24211394 -.00000076  00000+0  00000+0 0  9990
2 28446   0.0205 322.1323 0002113 130.2949 151.2549  1.00271509 79260
NSS-10                  
1 28526U 05003A   26164.04162356 -.00000243  00000+0  00000+0 0  9995
2 28526   6.4388  70.5028 0002689   1.9907 166.4100  1.00271195 53111
INMARSAT 4-F1           
1 28628U 05009A   26163.94281034  .00000042  00000+0  00000+0 0  9993
2 28628   5.1624  42.7488 0002508  44.9856 331.0651  1.00271870 77638
DIRECTV 8               
1 28659U 05019A   26164.20577536  .00000014  00000+0  00000+0 0  9992
2 28659   0.0236  65.5098 0002775  19.9538 131.0861  1.00270772 77035
GALAXY 28 (G-28)        
1 28702U 05022A   26164.25753840 -.00000190  00000+0  00000+0 0  9990
2 28702   3.2890  78.9815 0002875   1.2245 246.9832  1.00271413 51938
THAICOM 4               
1 28786U 05028A   26163.78752720 -.00000348  00000+0  00000+0 0  9996
2 28786   0.2337  85.9189 0001653 350.9687 227.2353  1.00269613 52202
ANIK F1R                
1 28868U 05036A   26163.88517396 -.00000064  00000+0  00000+0 0  9990
2 28868   4.3014  76.6314 0004059 357.9876  37.9749  1.00270596 46410
SYRACUSE 3A             
1 28885U 05041B   26163.91564291  .00000139  00000+0  00000+0 0  9997
2 28885   4.6323  75.8907 0003042 346.3556 215.2680  1.00273192 75706
INMARSAT 4-F2           
1 28899U 05044A   26164.00608262 -.00000252  00000+0  00000+0 0  9990
2 28899   5.0893  43.7049 0002767  35.1670 328.1385  1.00270846 75486
METEOSAT-9 (MSG-2)      
1 28912U 05049B   26163.77290047  .00000130  00000+0  00000+0 0  9996
2 28912   9.3512  54.2102 0001546 347.3160 183.4652  1.00270154  6957
EUTELSAT 174A           
1 28924U 05052A   26163.60600409  .00000020  00000+0  00000+0 0  9990
2 28924   4.2074  76.5820 0006152   5.1262 211.3516  1.00270224 52286
ECHOSTAR 10             
1 28935U 06003A   26164.24107392 -.00000043  00000+0  00000+0 0  9999
2 28935   0.0172 339.9947 0001509  75.8130 182.3493  1.00270500 74424
SPAINSAT                
1 28945U 06007A   26163.35982611 -.00000202  00000+0  00000+0 0  9997
2 28945   0.5503  86.6078 0004673 353.8904 279.5639  1.00270904 74173
JCSAT-5A                
1 29045U 06010A   26164.28906314 -.00000316  00000+0  00000+0 0  9998
2 29045   1.0990  84.2553 0001871  15.9269  37.5311  1.00270850 73730
ASTRA 1KR               
1 29055U 06012A   26164.26663845  .00000131  00000+0  00000+0 0  9992
2 29055   0.4634  83.1985 0003289 353.8222 299.5358  1.00269705 45652
GALAXY 16 (G-16)        
1 29236U 06023A   26164.24324060 -.00000114  00000+0  00000+0 0  9998
2 29236   0.0469 145.8921 0002457 301.0834 163.1510  1.00270741 72930
EUTELSAT 33F            
1 29270U 06032A   26164.26941179  .00000167  00000+0  00000+0 0  9991
2 29270   1.6512  82.2863 0003692 358.0291 311.3709  1.00268336 47266
JCSAT-3A                
1 29272U 06033A   26164.28819646 -.00000332  00000+0  00000+0 0  9994
2 29272   0.0110 338.4404 0001883 110.7835  44.1357  1.00271043 47707
KOREASAT 5 (MUGUNGWHA 5)
1 29349U 06034A   26164.00947309 -.00000346  00000+0  00000+0 0  9993
2 29349   1.7742  83.0378 0001324  48.1318 246.6364  1.00271923 41274
DIRECTV 9S              
1 29494U 06043A   26164.21122451 -.00000102  00000+0  00000+0 0  9990
2 29494   2.4102  80.9486 0004857  10.5376 144.8958  1.00270883 51341
OPTUS D1                
1 29495U 06043B   26164.22170105 -.00000173  00000+0  00000+0 0  9999
2 29495   3.0243  79.7016 0003349 357.7654  55.8751  1.00270107 72085
BADR-4                  
1 29526U 06051A   26164.26967179  .00000167  00000+0  00000+0 0  9994
2 29526   1.9944  81.1618 0004752 352.2462 319.7123  1.00268933 51228
WILDBLUE-1              
1 29643U 06054A   26164.19975383 -.00000038  00000+0  00000+0 0  9993
2 29643   2.7925  80.5317 0001266 356.5089 145.1904  1.00270350 53758
SKYNET 5A               
1 30794U 07007B   26163.82775050 -.00000261  00000+0  00000+0 0  9997
2 30794   5.2901  73.7943 0004047  13.8882 206.6773  1.00270760 70652
ANIK F3                 
1 31102U 07009A   26163.95422969  .00000012  00000+0  00000+0 0  9998
2 31102   1.1860  83.8976 0002433   2.7955  39.3681  1.00271328 46527
ASTRA 1L                
1 31306U 07016A   26164.25805840 -.00000173  00000+0  00000+0 0  9998
2 31306   1.3113  81.6054 0005124   9.0075 239.3865  1.00271856 44948
GALAXY 17 (G-17)        
1 31307U 07016B   26164.18864138 -.00000195  00000+0  00000+0 0  9990
2 31307   2.9617  79.9495 0004755  20.9790 143.4877  1.00269910 69762
INTELSAT 11 (IS-11)     
1 32253U 07044B   26164.00625595 -.00000275  00000+0  00000+0 0  9994
2 32253   3.5542  78.7182 0002152  90.3925 238.6992  0.99052544 68402
WGS F1 (USA 195)        
1 32258U 07046A   26163.39895755 -.00000252  00000+0  00000+0 0  9994
2 32258   0.0475  96.0393 0000429 344.9206 280.9151  1.00271537 52280
SKYNET 5B               
1 32294U 07056B   26163.98268251  .00000149  00000+0  00000+0 0  9999
2 32294   5.2421  73.5564 0004019   1.9283 204.6614  1.00272764 68155
ASTRA 4A                
1 32299U 07057A   26164.26377843  .00000045  00000+0  00000+0 0  9990
2 32299   0.0125 339.6704 0002122 105.7320 275.9363  1.00270621 51608
HORIZONS-2              
1 32388U 07063B   26164.23030464 -.00000243  00000+0  00000+0 0  9999
2 32388   2.5915  80.6732 0003748 359.5237 190.4820  1.00269750 67771
THURAYA-3               
1 32404U 08001A   26164.06485377 -.00000077  00000+0  00000+0 0  9994
2 32404   5.9822  35.7911 0001522 159.9940 168.8798  1.00007575 67447
THOR 5                  
1 32487U 08006A   26164.26273843  .00000003  00000+0  00000+0 0  9993
2 32487   0.0279 260.5105 0002297 188.3703 266.5315  1.00270482 67277
AMC-14                  
1 32708U 08011A   26164.13011318 -.00000042  00000+0  00000+0 0  9992
2 32708  23.9999  20.5684 0045985   6.8437 345.2746  1.00354199 68127
DIRECTV 11              
1 32729U 08013A   26163.45899139 -.00000111  00000+0  00000+0 0  9993
2 32729   0.0108 290.0835 0000311  85.8511 310.9148  1.00271638 45546
ICO G1                  
1 32763U 08016A   26164.25129579 -.00000164  00000+0  00000+0 0  9995
2 32763   5.5301  36.1487 0002390  34.8220 188.2065  1.00272648 66506
VINASAT-1               
1 32767U 08018A   26164.28897647 -.00000316  00000+0  00000+0 0  9991
2 32767   0.0166 314.0996 0001155 135.0326  48.4606  1.00271928 66554
STAR ONE C2             
1 32768U 08018B   26164.30797807 -.00000265  00000+0  00000+0 0  9995
2 32768   1.2308  82.4934 0002490   7.6978 217.3183  1.00270373 66611
AMOS-3                  
1 32794U 08022A   26164.12737064  .00000162  00000+0  00000+0 0  9993
2 32794   0.4445  86.2843 0002013  71.9510 184.9827  1.00473382 82292
GALAXY 18 (G-18)        
1 32951U 08024A   26164.26147174  .00000000  00000+0  00000+0 0  9993
2 32951   0.0247   0.9595 0002689  78.0837 153.6544  1.00271338 45812
ZHONGXING-9             
1 33051U 08028A   26164.10114338 -.00000236  00000+0  00000+0 0  9990
2 33051   0.7569  85.4329 0004132 336.2599 328.5385  1.00271030 65996
SKYNET 5C               
1 33055U 08030A   26164.11679725 -.00000130  00000+0  00000+0 0  9997
2 33055   3.7782  77.0868 0003862  13.5116 195.0871  1.00271975 65911
TURKSAT 3A              
1 33056U 08030B   26163.48704641  .00000161  00000+0  00000+0 0  9996
2 33056   0.0454  78.1312 0004975 352.4193  47.6180  1.00274252 52316
INTELSAT 25 (IS-25)     
1 33153U 08034A   26164.29036314 -.00000268  00000+0  00000+0 0  9992
2 33153   2.6993  80.4161 0003049  57.5662   7.1475  0.99036648 65654
ECHOSTAR 11             
1 33207U 08035A   26164.24116059 -.00000046  00000+0  00000+0 0  9997
2 33207   0.9946  84.2212 0002089 347.9663 166.3954  1.00271412 51177
SUPERBIRD-C2            
1 33274U 08038A   26164.28984314 -.00000296  00000+0  00000+0 0  9992
2 33274   2.3506  81.3087 0005927  26.5938  34.0235  1.00268875105695
INMARSAT 4-F3           
1 33278U 08039A   26163.53059741 -.00000129  00000+0  00000+0 0  9996
2 33278   4.2898  31.6197 0002836  53.7848 268.4603  1.00271818 46497
NIMIQ 4                 
1 33373U 08044A   26164.18308644 -.00000208  00000+0  00000+0 0  9997
2 33373   0.0038 352.8135 0002104  72.6698 179.9314  1.00273364 64947
GALAXY 19 (G-19)        
1 33376U 08045A   26164.24367394  .00000000  00000+0  00000+0 0  9994
2 33376   0.0204 347.2822 0002427 100.8054 164.1976  1.00270356 64863
ASTRA 1M                
1 33436U 08057A   26164.26672512  .00000133  00000+0  00000+0 0  9994
2 33436   0.2861  82.3952 0004621  22.4097 272.1689  1.00269907 45697
EUTELSAT HOTBIRD 13C    
1 33459U 08065A   26164.25294505 -.00000272  00000+0  00000+0 0  9994
2 33459   2.9398  79.2360 0003292   2.3870 220.7120  1.00272335 47301
EXPRESS-AM44            
1 33595U 09007A   26164.11809726 -.00000079  00000+0  00000+0 0  9999
2 33595   3.4517  78.4471 0003950 357.8386 216.6663  1.00271227 52240
NSS-9                   
1 33749U 09008A   26164.22785441  .00000084  00000+0  00000+0 0  9995
2 33749   1.2512  82.6914 0001885 348.0868  95.8680  1.00272487 63486
TELSTAR 11N             
1 34111U 09009A   26164.25545839 -.00000239  00000+0  00000+0 0  9991
2 34111   0.0175   8.7811 0002182  70.6058 236.5874  1.00269143 46202
WGS F2 (USA 204)        
1 34713U 09017A   26163.20490796  .00000083  00000+0  00000+0 0  9999
2 34713   0.0178 341.3812 0000419 274.7080 135.7341  1.00271719 45562
SES-7 (PROTOSTAR 2)     
1 34941U 09027A   26164.28420978 -.00000333  00000+0  00000+0 0  9996
2 34941   0.0529  75.4568 0000574 255.0431 141.6837  1.00271518 62597
MEASAT-3A               
1 35362U 09032A   26164.22326106 -.00000098  00000+0  00000+0 0  9990
2 35362   0.0299  26.5093 0002805  52.2192  63.1907  1.00271073  7994
GOES 14                 
1 35491U 09033A   26164.29140314 -.00000265  00000+0  00000+0 0  9992
2 35491   1.6796  83.0867 0001732   9.8620  57.6388  1.00112049  6554
FM-5                    
1 35493U 09034A   26163.88933397 -.00000186  00000+0  00000+0 0  9992
2 35493   0.0174 296.4738 0000824   8.6935 190.0568  1.00270229 46600
TERRESTAR-1             
1 35496U 09035A   26164.19975383 -.00000048  00000+0  00000+0 0  9999
2 35496   5.1776  48.8021 0002779  27.8537 145.7631  1.00272844 62097
ASIASAT 5               
1 35696U 09042A   26164.10114338 -.00000294  00000+0  00000+0 0  9998
2 35696   0.0213 296.0782 0001585 132.8162 329.4238  1.00268808 61666
JCSAT-12 (JCSAT-RA)     
1 35755U 09044A   26164.28906314 -.00000316  00000+0  00000+0 0  9993
2 35755   0.0144  30.6450 0000757 285.9500 181.1140  1.00269779 61578
OPTUS D3                
1 35756U 09044B   26163.65220332 -.00000131  00000+0  00000+0 0  9998
2 35756   0.8699 269.2954 0002808 174.2722 208.3475  1.00270383 61527
NIMIQ 5                 
1 35873U 09050A   26164.23002475 -.00000244  00000+0  00000+0 0  9991
2 35873   0.0217 287.4374 0002639 150.2942 193.9378  1.00271379 61306
AMAZONAS 2              
1 35942U 09054A   26164.23002409 -.00000248  00000+0  00000+0 0  9993
2 35942   1.8050  83.1001 0003187 355.3634 193.9043  1.00269934 61145
COMSATBW-1              
1 35943U 09054B   26164.06147376  .00000037  00000+0  00000+0 0  9993
2 35943   0.0711  77.5647 0002768  10.5252 258.4357  1.00272276 61265
NSS-12                  
1 36032U 09058A   26164.06026042  .00000085  00000+0  00000+0 0  9996
2 36032   0.0792  67.8711 0004518 342.0721 290.1263  1.00271741 60878
THOR 6                  
1 36033U 09058B   26163.40719093  .00000000  00000+0  00000+0 0  9996
2 36033   0.0136 340.8299 0001722 120.4502 305.2197  1.00282590 60952
INTELSAT 14 (IS-14)     
1 36097U 09064A   26164.25398505 -.00000261  00000+0  00000+0 0  9998
2 36097   0.0127  31.8170 0002203  42.2959 233.9087  1.00270868 60566
EUTELSAT 36B            
1 36101U 09065A   26164.27261847  .00000124  00000+0  00000+0 0  9992
2 36101   0.4811  81.0546 0005798 359.7511 329.4145  1.00272190 60669
INTELSAT 15 (IS-15)     
1 36106U 09067A   26164.06589378 -.00000172  00000+0  00000+0 0  9992
2 36106   0.0144  35.4832 0002047  49.8894 284.8876  1.00271160 41182
WGS F3 (USA 211)        
1 36108U 09068A   26163.66685007  .00000078  00000+0  00000+0 0  9990
2 36108   0.3295  85.7792 0000152 309.8732 335.4268  1.00271019 46548
DIRECTV 12              
1 36131U 09075A   26163.95734970 -.00000090  00000+0  00000+0 0  9995
2 36131   0.0420 159.4842 0000251 218.8664 124.8531  1.00271896 46512
BEIDOU-2 G1             
1 36287U 10001A   26164.13881828 -.00000270  00000+0  00000+0 0  9994
2 36287   4.2827  60.4186 0002351 301.3239  90.1703  1.00272041 60135
SDO                     
1 36395U 10005A   26164.25047192 -.00000088  00000+0  00000+0 0  9996
2 36395  34.6433  86.4025 0001670  51.4849 111.7994  1.00270126 60020
INTELSAT 16 (IS-16)     
1 36397U 10006A   26164.27171198 -.00000232  00000+0  00000+0 0  9996
2 36397   0.0112 344.3619 0001857 116.1658 182.6836  1.00270815 59612
EWS-G2 (GOES 15)        
1 36411U 10008A   26164.06156043  .00000030  00000+0  00000+0 0  9999
2 36411   1.2659  82.9245 0005372  41.3683 222.9179  1.00275603 59596
ECHOSTAR 14             
1 36499U 10010A   26163.95414302  .00000014  00000+0  00000+0 0  9992
2 36499   0.0582  88.7852 0002313  13.1732  23.9231  1.00272283 46513
SES-1                   
1 36516U 10016A   26164.21137361 -.00000102  00000+0  00000+0 0  9994
2 36516   0.0197 313.0779 0002569 129.4697 154.0791  1.00270657 58996
ASTRA 3B                
1 36581U 10021A   26164.26750512  .00000148  00000+0  00000+0 0  9995
2 36581   1.4602  83.6012 0004154   1.1046 296.6828  1.00269096 58821
COMSATBW-2              
1 36582U 10021B   26164.26551177  .00000100  00000+0  00000+0 0  9990
2 36582   0.0356  56.7265 0002518  41.3013 272.3237  1.00271133 58916
BEIDOU-2 G3             
1 36590U 10024A   26163.85089112 -.00000126  00000+0  00000+0 0  9990
2 36590   4.5041  61.5340 0007979 352.0095 233.6585  1.00271767 58729
BADR-5                  
1 36592U 10025A   26164.12633062  .00000166  00000+0  00000+0 0  9996
2 36592   0.0755 108.5843 0003270  85.4079 143.4115  1.00267844 53175
COMS 1                  
1 36744U 10032A   26163.85305780 -.00000019  00000+0  00000+0 0  9993
2 36744   4.7933  75.4037 0011475  11.6145 212.0087  0.99163083 51043
ARABSAT-5A              
1 36745U 10032B   26164.12633062  .00000166  00000+0  00000+0 0  9994
2 36745   0.0825  57.1905 0005676  44.6521 235.5530  1.00272072 58608
ECHOSTAR 15             
1 36792U 10034A   26164.20577473  .00000012  00000+0  00000+0 0  9990
2 36792   0.0266  53.9080 0001589  35.3386 127.5489  1.00271951 58284
BEIDOU-2 IGSO-1         
1 36828U 10036A   26163.92768963 -.00000036  00000+0  00000+0 0  9993
2 36828  54.3022 162.9989 0059221 225.0163 314.8655  1.00272965 58059
NILESAT 201             
1 36830U 10037A   26164.26143841 -.00000045  00000+0  00000+0 0  9997
2 36830   0.0464 141.4689 0004371 331.0970 236.1492  1.00271781 58330
RASCOM-QAF 1R           
1 36831U 10037B   26164.26343176  .00000031  00000+0  00000+0 0  9995
2 36831   0.0128  52.6900 0006778  25.5036 281.1118  1.00271849 58260
AEHF-1 (USA 214)        
1 36868U 10039A   26163.91227453  .00000155  00000+0  00000+0 0  9994
2 36868   8.2082  68.1045 0003829   7.3297 184.1422  1.00272414 53615
XM-5                    
1 37185U 10053A   26164.20530581 -.00000010  00000+0  00000+0 0  9996
2 37185   0.0630 273.6387 0002974 286.2895  20.3118  1.00271885 57440
BSAT-3B                 
1 37207U 10056B   26163.64301530 -.00000335  00000+0  00000+0 0  9991
2 37207   0.0722 247.4813 0001597 298.9816  55.8509  1.00268640 52057
BEIDOU-2 G4             
1 37210U 10057A   26164.06993332 -.00000102  00000+0  00000+0 0  9992
2 37210   3.6352  68.9726 0005150 197.4058 180.1990  1.00271104 57250
SKYTERRA 1              
1 37218U 10061A   26164.24280727 -.00000110  00000+0  00000+0 0  9991
2 37218   5.1164  50.8584 0002252   7.3363 189.4322  1.00271125 57159
HYLAS 1                 
1 37237U 10065A   26163.90915450  .00000099  00000+0  00000+0 0  9991
2 37237   5.6323  73.0715 0000909 319.9082 209.3449  1.00270791  6842
INTELSAT 17 (IS-17)     
1 37238U 10065B   26164.06208043  .00000012  00000+0  00000+0 0  9998
2 37238   0.0089  95.8537 0002557 353.1526 260.7197  1.00271000 53206
BEIDOU-2 IGSO-2         
1 37256U 10068A   26162.63123517 -.00000226  00000+0  00000+0 0  9992
2 37256  47.5583 271.9034 0055443 212.3317 110.6962  1.00285295 56731
EUTELSAT KA-SAT 9A      
1 37258U 10069A   26163.69429873  .00000076  00000+0  00000+0 0  9998
2 37258   0.0607   9.7943 0003781 123.4996  26.6875  1.00271597 43963
HISPASAT 30W-5          
1 37264U 10070A   26164.25693172 -.00000203  00000+0  00000+0 0  9998
2 37264   0.0478 140.6779 0005057 321.1445 222.2384  1.00272802 53142
KOREASAT 6              
1 37265U 10070B   26164.22326106  .00000000  00000+0  00000+0 0  9990
2 37265   0.0261 359.3093 0002000  94.2708  48.2174  1.00270184 56738
BEIDOU-2 IGSO-3         
1 37384U 11013A   26161.71639865 -.00000195  00000+0  00000+0 0  9996
2 37384  62.3981  40.2143 0034353 184.2630  40.3873  1.00268972 55596
INTELSAT 28 (IS-28)     
1 37392U 11016A   26164.25658506 -.00000214  00000+0  00000+0 0  9995
2 37392   1.7957  82.6670 0003605   4.4676 235.1051  1.00270661 53249
YAHSAT 1A               
1 37393U 11016B   26163.98814253  .00000000  00000+0  00000+0 0  9990
2 37393   0.0216 356.0632 0002787  94.7576 218.7048  1.00273639 42369
SBIRS GEO-1 (USA 230)   
1 37481U 11019A   26163.70285413  .00000110  00000+0  00000+0 0  9993
2 37481   4.5258  53.1234 0001703  28.9656 123.7708  1.00271888 55355
TELSTAR 14R             
1 37602U 11021A   26164.22897485 -.00000267  00000+0  00000+0 0  9991
2 37602   0.0179 357.3892 0002172  58.8807 224.7070  1.00270262 55790
GSAT-8                  
1 37605U 11022A   26164.05991375  .00000096  00000+0  00000+0 0  9998
2 37605   2.1200  81.8704 0002351 204.5094  51.6413  1.00272117 53178
ST-2                    
1 37606U 11022B   26164.06641378  .00000000  00000+0  00000+0 0  9990
2 37606   0.0234 347.3049 0001500 102.2711 283.7134  1.00271669 55238
ZHONGXING-10            
1 37677U 11026A   26164.06589378 -.00000175  00000+0  00000+0 0  9997
2 37677   1.0348  84.2711 0003345   3.0918 283.2517  1.00269117 54955
SES-3                   
1 37748U 11035A   26164.26164911 -.00000090  00000+0  00000+0 0  9996
2 37748   1.3163  83.1269 0002288 352.7001 176.9474  1.00272882 54559
KAZSAT-2                
1 37749U 11035B   26164.06615378 -.00000185  00000+0  00000+0 0  9998
2 37749   0.0308 246.5571 0001077 271.1954 213.9566  1.00272726 53352
BEIDOU-2 IGSO-4         
1 37763U 11038A   26162.98219539  .00000090  00000+0  00000+0 0  9999
2 37763  54.5997 165.7200 0159351 231.3459 310.0324  1.00285652 54594
ASTRA 1N                
1 37775U 11041A   26164.26663845  .00000132  00000+0  00000+0 0  9999
2 37775   0.0893  41.9657 0006007  51.3140 283.5014  1.00269729 44489
BSAT-3C (JCSAT-110R)    
1 37776U 11041B   26163.64301530 -.00000336  00000+0  00000+0 0  9998
2 37776   0.0151 349.5277 0000716 195.8328  57.0396  1.00268884 50424
PAKSAT-1R               
1 37779U 11042A   26164.12780397  .00000166  00000+0  00000+0 0  9998
2 37779   0.6780  84.6295 0003003 348.9900 271.9109  1.00276569 54430
SES-2                   
1 37809U 11049A   26164.24558061 -.00000183  00000+0  00000+0 0  9993
2 37809   0.0546 107.2940 0002654 334.3818 181.3019  1.00271107 53925
ARABSAT-5C              
1 37810U 11049B   26164.26681178  .00000136  00000+0  00000+0 0  9990
2 37810   0.0493   7.5409 0003365  91.5239 278.5654  1.00270043 53998
EUTELSAT 7 WEST A       
1 37816U 11051A   26164.26143841 -.00000048  00000+0  00000+0 0  9992
2 37816   0.0618   5.1221 0004031  89.5059 253.7487  1.00271078 53838
QUETZSAT 1              
1 37826U 11054A   26164.27171213 -.00000229  00000+0  00000+0 0  9992
2 37826   0.0141  15.9925 0002529  67.8068 198.6142  1.00271385 49830
INTELSAT 18 (IS-18)     
1 37834U 11056A   26164.22724774  .00000066  00000+0  00000+0 0  9992
2 37834   0.0212 287.9079 0002030 171.5968  63.8594  1.00271666 53772
EUTELSAT 16A            
1 37836U 11057A   26164.26603177  .00000116  00000+0  00000+0 0  9998
2 37836   0.0439   9.5448 0005955  75.5870 288.2090  1.00272765  7298
VIASAT-1                
1 37843U 11059A   26163.95492302 -.00000010  00000+0  00000+0 0  9993
2 37843   0.0185 335.4643 0002071 103.3691  51.1114  1.00271119 47288
ASIASAT 7               
1 37933U 11069A   26164.09558576 -.00000321  00000+0  00000+0 0  9991
2 37933   0.0184  59.9435 0001274 352.6020 348.7813  1.00273768 44812
BEIDOU-2 IGSO-5         
1 37948U 11073A   26163.78189384 -.00000165  00000+0  00000+0 0  9990
2 37948  47.6870 271.6014 0113781 221.6023 141.1385  1.00273641 53097
LUCH-5A                 
1 37951U 11074B   26163.51177001 -.00000042  00000+0  00000+0 0  9993
2 37951   8.7416  73.8760 0002183  22.9645 155.2063  1.00269773 53001
NIGCOMSAT 1R            
1 38014U 11077A   26164.27131847  .00000157  00000+0  00000+0 0  9995
2 38014   0.0466 145.3615 0002369 202.4544  53.9537  1.00273555 52917
WGS F4 (USA 233)        
1 38070U 12003A   26163.92396294  .00000000  00000+0  00000+0 0  9994
2 38070   0.0238   1.4410 0000789 288.3823  32.4574  1.00269475 44109
SES-4                   
1 38087U 12007A   26163.68823204 -.00000154  00000+0  00000+0 0  9996
2 38087   0.0258  29.9762 0002612  62.6924  34.1072  1.00271497 52182
BEIDOU-2 G5             
1 38091U 12008A   26163.98935588  .00000068  00000+0  00000+0 0  9997
2 38091   3.5618  69.7250 0009172 273.6885 332.7240  1.00270831 52328
MUOS-1                  
1 38093U 12009A   26164.24290497 -.00000119  00000+0  00000+0 0  9991
2 38093   5.4684  47.1593 0058761   1.5386 200.3199  1.00270343 52406
INTELSAT 22 (IS-22)     
1 38098U 12011A   26164.13011318  .00000000  00000+0  00000+0 0  9998
2 38098   0.0359  47.3972 0001550  49.6985 283.2726  1.00271146  7145
APSTAR-7                
1 38107U 12013A   26164.06416044  .00000000  00000+0  00000+0 0  9998
2 38107   0.0192 340.8329 0002534 112.3098 267.8237  1.00270598 51766
YAHSAT 1B               
1 38245U 12016A   26163.78308595  .00000140  00000+0  00000+0 0  9998
2 38245   0.0931  91.0473 0002256  13.7288 125.8356  1.00274125 45567
AEHF-2 (USA 235)        
1 38254U 12019A   26164.04569691 -.00000128  00000+0  00000+0 0  9994
2 38254   6.6416  57.5198 0002386  15.6043 188.1492  1.00270074  6943
JCSAT-13                
1 38331U 12023A   26164.28741646 -.00000344  00000+0  00000+0 0  9993
2 38331   0.0166 345.1637 0002978 125.2643  18.6552  1.00270456 51504
VINASAT-2               
1 38332U 12023B   26163.71868094 -.00000315  00000+0  00000+0 0  9996
2 38332   0.0139 352.2553 0002203 103.2824 196.0770  1.00269459 46619
NIMIQ 6                 
1 38342U 12026A   26164.24480061 -.00000161  00000+0  00000+0 0  9992
2 38342   0.0260 292.7418 0002473 149.3220 176.5297  1.00270829 50371
ZHONGXING-2A            
1 38352U 12028A   26164.10114338 -.00000281  00000+0  00000+0 0  9994
2 38352   1.4423  83.9492 0003826  43.8992 268.2336  1.00271963 51258
INTELSAT 19 (IS-19)     
1 38356U 12030A   26164.22447440 -.00000044  00000+0  00000+0 0  9994
2 38356   0.0169   1.8153 0002841  87.5693  58.9687  1.00270472 50410
ECHOSTAR 17             
1 38551U 12035A   26163.95648302 -.00000062  00000+0  00000+0 0  9995
2 38551   0.0188   7.2271 0001890  69.8254  61.4606  1.00270047 51024
METEOSAT-10 (MSG-3)     
1 38552U 12035B   26164.04899370  .00000005  00000+0  00000+0 0  9996
2 38552   4.6614  61.0366 0001432 329.1787 249.0801  1.00276114 50815
SES-5                   
1 38652U 12036A   26163.62223597  .00000048  00000+0  00000+0 0  9990
2 38652   0.0481 313.4804 0001837 129.1395  47.3120  1.00270611 44419
INTELSAT 20 (IS-20)     
1 38740U 12043A   26164.06260043 -.00000012  00000+0  00000+0 0  9994
2 38740   0.0008  59.8337 0001701 114.4985 178.1115  1.00271762 50700
HYLAS 2                 
1 38741U 12043B   26163.89202065 -.00000245  00000+0  00000+0 0  9993
2 38741   2.4157  81.1183 0002456  25.0844  43.5835  1.00271682 50736
INTELSAT 21 (IS-21)     
1 38749U 12045A   26164.26652167 -.00000272  00000+0  00000+0 0  9997
2 38749   0.0129 300.3552 0001272 156.5692 202.6119  1.00271590 50482
ASTRA 2F                
1 38778U 12051A   26163.55556028  .00000165  00000+0  00000+0 0  9996
2 38778   0.0744 259.7878 0001742 280.5991 308.7273  1.00274324 41091
GSAT-10                 
1 38779U 12051B   26164.06546045 -.00000151  00000+0  00000+0 0  9998
2 38779   0.0913 263.6760 0007792 183.2206 281.0783  1.00270460 50055
INTELSAT 23 (IS-23)     
1 38867U 12057A   26164.26533189 -.00000272  00000+0  00000+0 0  9993
2 38867   0.0136 334.9892 0000131 222.9904 106.1003  1.00267508 49918
BEIDOU-2 G6             
1 38953U 12059A   26163.85175780 -.00000165  00000+0  00000+0 0  9995
2 38953   4.4090  73.5707 0009723 324.5872 253.6772  1.00273022 49864
LUCH-5B                 
1 38977U 12061A   26163.97444869 -.00000133  00000+0  00000+0 0  9999
2 38977  10.4721  49.9205 0002346 149.8007  36.0976  1.00272671 49565
YAMAL 300K              
1 38978U 12061B   26163.58620465  .00000086  00000+0  00000+0 0  9991
2 38978   0.0114 266.2954 0001314 313.3401  75.2834  1.00272013 49582
STAR ONE C3             
1 38991U 12062A   26164.23015589 -.00000237  00000+0  00000+0 0  9994
2 38991   0.0241  61.6821 0002156  33.0820 174.6552  1.00271926 49723
EUTELSAT 21B            
1 38992U 12062B   26164.26715845  .00000142  00000+0  00000+0 0  9994
2 38992   0.0660   3.8023 0003072  76.8981 298.6429  1.00273257 49787
ECHOSTAR 16             
1 39008U 12065A   26163.82298200 -.00000268  00000+0  00000+0 0  9998
2 39008   0.0047  69.8365 0001991  10.8676  55.2229  1.00270199 49601
ZHONGXING-12            
1 39017U 12067A   26163.85245113 -.00000192  00000+0  00000+0 0  9994
2 39017   0.0161  27.2098 0002956  54.7886 213.5377  1.00269255 49469
EUTELSAT 70B            
1 39020U 12069A   26164.06294711 -.00000030  00000+0  00000+0 0  9993
2 39020   0.0624   6.9113 0003972  67.7617 279.8558  1.00271246 49463
YAMAL 402               
1 39022U 12070A   26164.05982708  .00000099  00000+0  00000+0 0  9990
2 39022   1.2540  84.2086 0003615 357.6242 255.9910  1.00269471 49354
SKYNET 5D               
1 39034U 12075A   26164.05948042  .00000113  00000+0  00000+0 0  9998
2 39034   0.0691 340.7320 0003445 109.8914 244.9677  1.00268626 49119
MEXSAT 3                
1 39035U 12075B   26164.19975383 -.00000014  00000+0  00000+0 0  9993
2 39035   0.0181  20.1175 0000762  30.9801 167.5695  1.00275517  7019
TDRS 11                 
1 39070U 13004A   26164.32357677  .00000088  00000+0  00000+0 0  9990
2 39070   3.5153  31.2006 0005585  18.6878 153.8607  1.00268125 46657
AMAZONAS 3              
1 39078U 13006A   26164.25077837 -.00000270  00000+0  00000+0 0  9993
2 39078   0.0388 233.4137 0001772 254.1978 163.2158  1.00273799 44871
AZERSPACE 1             
1 39079U 13006B   26164.12936397  .00000146  00000+0  00000+0 0  9996
2 39079   0.0101 315.6916 0001386 166.9621 231.3798  1.00273674 48760
SBIRS GEO-2 (USA 241)   
1 39120U 13011A   26164.04753152 -.00000277  00000+0  00000+0 0  9992
2 39120   4.4811  52.5089 0002247  21.4120 154.7526  1.00271513 48494
EUTELSAT 117 WEST A     
1 39122U 13012A   26164.24754541  .00000000  00000+0  00000+0 0  9993
2 39122   0.0124 341.5248 0002671 100.0106 152.3452  1.00270594 48391
ANIK G1                 
1 39127U 13014A   26164.24159394 -.00000061  00000+0  00000+0 0  9993
2 39127   0.0167 325.5864 0001496 109.2314 166.4064  1.00270575 48210
ZHONGXING-11            
1 39157U 13020A   26164.10114338 -.00000277  00000+0  00000+0 0  9996
2 39157   0.0462  60.7436 0002128  15.9883 319.0248  1.00270977 47856
EUTELSAT 7B             
1 39163U 13022A   26164.26421177  .00000060  00000+0  00000+0 0  9993
2 39163   0.0738  20.6647 0004665  15.1258 327.9051  1.00272038 47900
WGS F5 (USA 243)        
1 39168U 13024A   26163.89600733 -.00000271  00000+0  00000+0 0  9990
2 39168   0.0050  21.3014 0000303 270.1232 239.8539  1.00270294 47137
SES-6                   
1 39172U 13026A   26164.25485172 -.00000249  00000+0  00000+0 0  9991
2 39172   0.0170 348.1537 0002478 109.9036 214.7641  1.00270604 47682
IRNSS-1A                
1 39199U 13034A   26160.59779131  .00000070  00000+0  00000+0 0  9994
2 39199  35.7049  63.9797 0017411 184.2474 279.8453  1.00272948 47299
MUOS-2                  
1 39206U 13036A   26163.86909122 -.00000003  00000+0  00000+0 0  9990
2 39206   4.9870  45.5281 0050811 177.6836 162.7940  1.00272450 47144
ALPHASAT                
1 39215U 13038A   26164.12520396  .00000144  00000+0  00000+0 0  9999
2 39215   2.9987   1.4091 0001619  84.6319 245.3048  1.00269189 43975
INSAT-3D                
1 39216U 13038B   26164.28854314 -.00000328  00000+0  00000+0 0  9992
2 39216   1.9156  82.5871 0000569 309.4246 102.9952  1.00270992 47047
WGS F6 (USA 244)        
1 39222U 13041A   26163.66581006  .00000103  00000+0  00000+0 0  9999
2 39222   0.0183   8.1720 0000248 273.7607  83.5714  1.00270930 46017
ES'HAIL 1               
1 39233U 13044A   26164.26793845  .00000156  00000+0  00000+0 0  9995
2 39233   0.0529  17.1768 0002072  62.1837 304.1589  1.00272647 46588
GSAT-7                  
1 39234U 13044B   26164.06364044 -.00000063  00000+0  00000+0 0  9997
2 39234   0.0734  96.6450 0003159 188.8516  72.7776  1.00270270 45219
AMOS-4                  
1 39237U 13045A   26164.06190709  .00000020  00000+0  00000+0 0  9998
2 39237   0.0466  92.1095 0002532 328.4529 288.1111  1.00272178 46913
AEHF-3 (USA 246)        
1 39256U 13050A   26164.26243009  .00000038  00000+0  00000+0 0  9998
2 39256   5.2844  67.2202 0087739 188.0517 336.4909  1.00271615 45616
ASTRA 2E                
1 39285U 13056A   26164.26837178  .00000163  00000+0  00000+0 0  9991
2 39285   0.0606 331.6820 0002735 112.6223 302.3903  1.00270417 46370
FM-6                    
1 39360U 13058A   26163.66945008 -.00000001  00000+0  00000+0 0  9994
2 39360   0.0129  86.3356 0001068  72.7874 226.5518  1.00266307 46022
RADUGA-1M 3             
1 39375U 13062A   26163.84209387  .00000162  00000+0  00000+0 0  9995
2 39375   5.9456  72.4084 0001652 264.3543 262.5441  1.00270317 46065
SES-8                   
1 39460U 13071A   26164.06780046 -.00000256  00000+0  00000+0 0  9996
2 39460   0.0216 290.2011 0002609 155.9199 294.6809  1.00271327 44384
INMARSAT 5-F1           
1 39476U 13073A   26163.99013588  .00000041  00000+0  00000+0 0  9997
2 39476   0.0178   3.6196 0000575 304.0070  12.7600  1.00270661 45539
TKSAT-1 (TUPAC KATARI)  
1 39481U 13075A   26164.24558061 -.00000182  00000+0  00000+0 0  9991
2 39481   0.0441 148.3392 0002341 282.5794 191.8720  1.00270647 45568
EXPRESS-AM5             
1 39487U 13077A   26163.79160056 -.00000266  00000+0  00000+0 0  9994
2 39487   0.0157 288.8969 0000445  55.3378 341.8938  1.00269173 46319
GSAT-14                 
1 39498U 14001A   26164.06364044 -.00000064  00000+0  00000+0 0  9994
2 39498   0.0264  87.2717 0000988 193.6555  77.3599  1.00270784 45332
THAICOM 6               
1 39500U 14002A   26163.70806127 -.00000106  00000+0  00000+0 0  9999
2 39500   0.0568 123.0489 0004357 344.5886 126.7759  1.00270005 45418
TDRS 12                 
1 39504U 14004A   26164.04084356 -.00000260  00000+0  00000+0 0  9996
2 39504   3.9730  19.0194 0003074 199.0306  17.0798  1.00268041 44238
ABS-2                   
1 39508U 14006A   26164.12636028 -.00000073  00000+0  00000+0 0  9992
2 39508   0.0430  81.6157 0003827 345.2242 315.0232  1.00270930 45236
ATHENA-FIDUS            
1 39509U 14006B   26164.12780397  .00000167  00000+0  00000+0 0  9995
2 39509   0.0191  41.4155 0001211  48.4349 255.4025  1.00270924 45047
TURKSAT 4A              
1 39522U 14007A   26164.27123181  .00000159  00000+0  00000+0 0  9990
2 39522   0.0428 303.0730 0001369  11.8859  86.2645  1.00271970 44921
EXPRESS-AT1             
1 39612U 14010A   26164.06121376  .00000041  00000+0  00000+0 0  9995
2 39612   0.2454  85.8571 0003792  40.9466 218.4761  1.00302427 44772
EXPRESS-AT2             
1 39613U 14010B   26164.06008708  .00000092  00000+0  00000+0 0  9995
2 39613   0.0163 316.4276 0000442   0.5086  22.0728  1.00273161 44451
AMAZONAS 4A             
1 39616U 14011A   26164.23015616 -.00000240  00000+0  00000+0 0  9990
2 39616   0.0608 184.4983 0003742 285.9729 159.9444  1.00271161 44672
ASTRA 5B                
1 39617U 14011B   26164.26750512  .00000149  00000+0  00000+0 0  9992
2 39617   0.0488 330.8836 0001793 100.2743 310.2193  1.00271699 44626
IRNSS-1B                
1 39635U 14017A   26163.77489382  .00000132  00000+0  00000+0 0  9999
2 39635  28.9293 240.4792 0022996 189.7965 164.8784  1.00274964 44742
LUCH-5V                 
1 39727U 14023A   26163.82802826 -.00000259  00000+0  00000+0 0  9997
2 39727   5.1201  69.7874 0001912  42.2592 181.8480  1.00276420 44311
KAZSAT-3                
1 39728U 14023B   26164.06060709  .00000073  00000+0  00000+0 0  9994
2 39728   0.0191  35.4294 0000057  92.7487 213.5202  1.00273090 42416
EUTELSAT 3B             
1 39773U 14030A   26164.26351843  .00000032  00000+0  00000+0 0  9991
2 39773   0.0626   7.2490 0003919  76.3848 275.9106  1.00269782 44020
ASIASAT 8 (AMOS-7)      
1 40107U 14046A   26164.28377645 -.00000320  00000+0  00000+0 0  9992
2 40107   0.0170 347.9965 0001228 104.7880  16.2772  1.00268245102114
ASIASAT 6               
1 40141U 14052A   26164.28663646 -.00000350  00000+0  00000+0 0  9999
2 40141   0.0137  42.4789 0000615  46.1680  36.0572  1.00273108 43040
OPTUS 10                
1 40146U 14054A   26163.79472057 -.00000133  00000+0  00000+0 0  9994
2 40146   0.1286 344.0148 0001958  98.3193 260.8847  1.00271127 42983
MEASAT-3B               
1 40147U 14054B   26164.06710712 -.00000228  00000+0  00000+0 0  9994
2 40147   0.0562  54.7889 0003147  18.2305 304.0271  1.00271119 42865
HIMAWARI-8              
1 40267U 14060A   26164.26748549 -.00000263  00000+0  00000+0 0  9994
2 40267   0.0148 350.7865 0000969  92.8767  54.8709  1.00272785 42721
IRNSS-1C                
1 40269U 14061A   26163.85149780 -.00000152  00000+0  00000+0 0  9990
2 40269   6.5073  89.0124 0022715   1.9196 199.7837  1.00270018 42640
INTELSAT 30 (IS-30)     
1 40271U 14062A   26163.95890970 -.00000137  00000+0  00000+0 0  9992
2 40271   0.0286  52.1946 0001262 328.6527 130.5879  1.00271249  6750
ARSAT 1                 
1 40272U 14062B   26164.23002413 -.00000247  00000+0  00000+0 0  9994
2 40272   0.0226  34.0523 0001701  40.4042 198.0994  1.00271594 42585
EUTELSAT 53A            
1 40277U 14064A   26163.56050029  .00000113  00000+0  00000+0 0  9993
2 40277   0.0170 315.3701 0000922 237.7910 322.5196  1.00271521 41521
GSAT-16                 
1 40332U 14078A   26164.05991375  .00000098  00000+0  00000+0 0  9995
2 40332   0.0789  91.0712 0007543 355.3976 251.5717  1.00273098 42065
DIRECTV 14              
1 40333U 14078B   26163.67291676 -.00000111  00000+0  00000+0 0  9997
2 40333   0.0108 350.2373 0000328 291.3182 122.4591  1.00270237 41995
YAMAL 401               
1 40345U 14082A   26163.42516912  .00000000  00000+0  00000+0 0  9997
2 40345   0.0194 295.8957 0000450 245.3650 322.5166  1.00272757 41877
ASTRA 2G                
1 40364U 14089A   26164.26837178  .00000162  00000+0  00000+0 0  9997
2 40364   0.0471 343.1966 0004539  84.9168 318.2835  1.00271777 41928
FENGYUN 2G              
1 40367U 14090A   26163.71230795 -.00000292  00000+0  00000+0 0  9998
2 40367   5.6261  72.8714 0003855 153.3439  30.9139  1.00274464 41952
MUOS-3                  
1 40374U 15002A   26163.97470869 -.00000119  00000+0  00000+0 0  9994
2 40374   4.5130  43.5077 0051722 178.2385  15.0124  1.00271765 41546
INMARSAT 5-F2           
1 40384U 15005A   26163.42965586 -.00000270  00000+0  00000+0 0  9991
2 40384   0.0180 354.4028 0000466 273.1718  92.8667  1.00272546 40943
ABS-3A                  
1 40424U 15010A   26163.62067596  .00000000  00000+0  00000+0 0  9998
2 40424   0.0354  51.6176 0002231 340.5560  89.1863  1.00270701 41339
EUTELSAT 115 WEST B     
1 40425U 15010B   26163.59851138 -.00000010  00000+0  00000+0 0  9990
2 40425   0.0130 148.2105 0000231 284.6903 288.5993  1.00271845 41344
EXPRESS-AM7             
1 40505U 15012A   26164.27079846  .00000163  00000+0  00000+0 0  9993
2 40505   0.0075 303.9390 0002787 145.3868 309.7525  1.00268499 40963
BEIDOU-3S IGSO-1S       
1 40549U 15019A   26163.85297113 -.00000181  00000+0  00000+0 0  9991
2 40549  49.2042 295.5153 0038892 190.7649 173.7832  1.00251378 41037
THOR 7                  
1 40613U 15022A   26164.26273843  .00000004  00000+0  00000+0 0  9990
2 40613   0.0424 123.9570 0002392 319.3886 272.1658  1.00271537 40772
TURKMENALEM52E/MONACOSAT
1 40617U 15023A   26164.13040398  .00000117  00000+0  00000+0 0  9993
2 40617   0.0250  62.4125 0002677  13.7305 284.2755  1.00269272 40802
DIRECTV 15              
1 40663U 15026A   26163.88604062 -.00000089  00000+0  00000+0 0  9991
2 40663   0.0123  37.3401 0000225 250.5251 189.4417  1.00269400 40420
SKY MEXICO-1            
1 40664U 15026B   26164.22792733 -.00000222  00000+0  00000+0 0  9993
2 40664   0.0012   4.8049 0001943  98.9125 161.0886  1.00271156 40413
METEOSAT-11 (MSG-4)     
1 40732U 15034A   26164.26473177  .00000075  00000+0  00000+0 0  9995
2 40732   3.1920  71.1333 0001752   8.9962 286.3079  1.00279128  7170
STAR ONE C4             
1 40733U 15034B   26164.28821256 -.00000253  00000+0  00000+0 0  9992
2 40733   0.0308  30.8778 0002036  41.0029 223.4931  1.00270876 39973
WGS F7 (USA 263)        
1 40746U 15036A   26163.65593001  .00000032  00000+0  00000+0 0  9996
2 40746   0.0025 356.1813 0000269 300.5288  15.3960  1.00271419 39821
INTELSAT 34 (IS-34)     
1 40874U 15039A   26163.42966237 -.00000270  00000+0  00000+0 0  9996
2 40874   0.0091 331.6364 0001034 165.7888 222.5376  1.00298643 39587
EUTELSAT 8 WEST B       
1 40875U 15039B   26164.26126508 -.00000053  00000+0  00000+0 0  9998
2 40875   0.0647   6.4628 0003911  72.5214 268.6511  1.00271692 39610
GSAT-6                  
1 40880U 15041A   26163.85149780 -.00000147  00000+0  00000+0 0  9992
2 40880   1.9087  82.6453 0003438 354.5661 213.0206  1.00270963 39557
INMARSAT 5-F3           
1 40882U 15042A   26163.58551132  .00000064  00000+0  00000+0 0  9990
2 40882   0.0189  11.7395 0000220 186.9005  92.6943  1.00268329 39524
MUOS-4                  
1 40887U 15044A   26163.63616861 -.00000082  00000+0  00000+0 0  9995
2 40887   4.3211  42.2111 0059148   4.8680 157.9328  1.00271215 39516
TJS-1                   
1 40892U 15046A   26164.22230773 -.00000143  00000+0  00000+0 0  9991
2 40892   0.3128  84.9430 0005494 357.6605  54.0316  1.00271251 39539
EXPRESS-AM8             
1 40895U 15048A   26163.61850928 -.00000097  00000+0  00000+0 0  9996
2 40895   0.0170 315.4462 0000173 354.5096 159.6600  1.00271797 39300
BEIDOU-3S IGSO-2S       
1 40938U 15053A   26163.74469534 -.00000142  00000+0  00000+0 0  9994
2 40938  49.2285 258.8368 0065649 191.9676 173.7648  1.00260456 39311
SKY MUSTER 1 (NBN1A)    
1 40940U 15054A   26163.79160056  .00000000  00000+0  00000+0 0  9992
2 40940   0.0247 336.9368 0001581 115.2813 234.1142  1.00268838 39214
ARSAT 2                 
1 40941U 15054B   26164.12536174 -.00000212  00000+0  00000+0 0  9995
2 40941   0.0253  43.5758 0001989  23.5196 158.4799  1.00271734 39263
MORELOS 3               
1 40946U 15056A   26164.27864484 -.00000034  00000+0  00000+0 0  9998
2 40946   3.1837  14.9734 0001301   2.3528 231.4766  1.00272508 39242
APSTAR-9                
1 40982U 15059A   26164.29096980 -.00000253  00000+0  00000+0 0  9994
2 40982   0.0243  29.9376 0002188 158.9556 319.4670  1.00272858 39081
TURKSAT 4B              
1 40984U 15060A   26164.27261847  .00000127  00000+0  00000+0 0  9991
2 40984   0.0281  67.4493 0002188 359.1926 343.0703  1.00270092 39053
ZHONGXING-2C            
1 41021U 15063A   26164.09558576 -.00000311  00000+0  00000+0 0  9991
2 41021   0.2615  90.1711 0007521  97.7609 211.3462  1.00273008 38939
GSAT-15                 
1 41028U 15065A   26164.06754045 -.00000244  00000+0  00000+0 0  9991
2 41028   0.0809 266.0040 0003996 160.3497 312.8399  1.00269799 38750
BADR-7 (ARABSAT-6B)     
1 41029U 15065B   26164.26802512  .00000157  00000+0  00000+0 0  9999
2 41029   0.0298 230.9690 0003629 329.2888 183.8055  1.00272245 38729
LAOSAT 1                
1 41034U 15067A   26164.28836979 -.00000330  00000+0  00000+0 0  9997
2 41034   0.0085 214.8257 0002228 179.4132  99.7011  1.00271309 38828
TELSTAR 12V             
1 41036U 15068A   26163.68961870 -.00000104  00000+0  00000+0 0  9991
2 41036   0.0173 323.8129 0002037 123.3846  47.0991  1.00271686 38589
ELEKTRO-L 2             
1 41105U 15074A   26163.97488203 -.00000109  00000+0  00000+0 0  9996
2 41105   6.6819  70.5757 0000736 255.3930 271.7863  1.00270779 38465
COSMOS 2513             
1 41121U 15075A   26164.06485377 -.00000125  00000+0  00000+0 0  9993
2 41121   0.0786 100.3398 0003287 332.6372 292.0126  1.00271520 38508
EXPRESS-AMU1            
1 41191U 15082A   26164.27001846  .00000168  00000+0  00000+0 0  9992
2 41191   0.0126  36.7502 0002649  46.8849 311.2466  1.00271959 38222
GAOFEN-4                
1 41194U 15083A   26164.09558576 -.00000322  00000+0  00000+0 0  9996
2 41194   0.3453  83.8712 0004336 113.2557 204.4145  1.00270961 38484
BELINTERSAT-1           
1 41238U 16001A   26163.48886642  .00000122  00000+0  00000+0 0  9993
2 41238   0.0542 116.4174 0001939 292.8192  79.0645  1.00270797 38195
IRNSS-1E                
1 41241U 16003A   26163.64327530 -.00000313  00000+0  00000+0 0  9996
2 41241  33.2248  59.8162 0017963 179.0965   5.2620  1.00267194 38039
EUTELSAT 9B             
1 41310U 16005A   26164.26464510  .00000074  00000+0  00000+0 0  9997
2 41310   0.0710  74.2606 0001728 328.0690 323.5016  1.00270161 38076
SES-9                   
1 41380U 16013A   26163.85661116 -.00000331  00000+0  00000+0 0  9995
2 41380   0.0106 334.8888 0002120 109.3670 233.6044  1.00271053 37391
EUTELSAT 65 WEST A      
1 41382U 16014A   26164.30797800 -.00000264  00000+0  00000+0 0  9994
2 41382   0.0544  20.1887 0002029  52.2352 234.8869  1.00270287 37480
IRNSS-1F                
1 41384U 16015A   26164.05540706  .00000168  00000+0  00000+0 0  9992
2 41384   5.3387  96.8731 0017476 185.4307  31.5573  1.00265314 37629
BEIDOU-2 IGSO-6         
1 41434U 16021A   26162.98515472 -.00000157  00000+0  00000+0 0  9996
2 41434  60.2181  38.0924 0057076 231.5598  78.5171  1.00260204 37420
IRNSS-1G                
1 41469U 16027A   26164.28854314 -.00000325  00000+0  00000+0 0  9993
2 41469   5.1885  97.5629 0007521 354.0478  43.4155  1.00268008 37149
JCSAT-2B                
1 41471U 16028A   26163.79437390 -.00000151  00000+0  00000+0 0  9990
2 41471   0.0173 346.9351 0000822 110.8544 243.3108  1.00272987 37081
THAICOM 8               
1 41552U 16031A   26164.06450711 -.00000108  00000+0  00000+0 0  9999
2 41552   0.0760  51.6402 0003465   7.0460 304.4385  1.00269690 36677
INTELSAT 31 (IS-31)     
1 41581U 16035A   26163.95890970 -.00000137  00000+0  00000+0 0  9999
2 41581   0.0161 270.7584 0001142 330.9382 269.7462  1.00271005 36649
BEIDOU-2 G7             
1 41586U 16037A   26164.28472978 -.00000341  00000+0  00000+0 0  9994
2 41586   1.7089  69.2879 0006868   3.8389  41.4450  1.00265803  6853
ABS-2A (MONGOLSAT-1)    
1 41588U 16038A   26164.12649917  .00000000  00000+0  00000+0 0  9990
2 41588   0.0254 335.2499 0001235  39.0814   7.3983  1.00267106 36664
EUTELSAT 117 WEST B     
1 41589U 16038B   26163.66936341  .00000003  00000+0  00000+0 0  9992
2 41589   0.0415 163.2294 0000296 263.8211 317.9261  1.00272645 36618
BRISAT                  
1 41591U 16039A   26163.65107666 -.00000182  00000+0  00000+0 0  9994
2 41591   0.0174 317.1756 0001901 122.2952 206.3944  1.00270297 36564
ECHOSTAR 18             
1 41592U 16039B   26163.53779078 -.00000267  00000+0  00000+0 0  9998
2 41592   0.0181   3.9913 0001269  77.7287 311.4009  1.00269870 36576
MUOS-5                  
1 41622U 16041A   26164.24237394 -.00000106  00000+0  00000+0 0  9996
2 41622   2.2124 301.5756 0197269 260.8790  41.1249  1.00271368 37044
TIANTONG-1 1            
1 41725U 16048A   26164.11275182 -.00000307  00000+0  00000+0 0  9993
2 41725   3.8413  43.3801 0005837  45.1716 314.8682  1.00268375 36223
JCSAT-16                
1 41729U 16050A   26163.79238056 -.00000236  00000+0  00000+0 0  9993
2 41729   0.0168 332.9267 0001002 125.2597 232.1350  1.00275035 36026
USA 270                 
1 41744U 16052A   26162.34442750  .00000096  00000+0  00000+0 0  9993
2 41744   4.1835  77.2658 0008524 338.7721 152.1702  1.00285262 28079
USA 271                 
1 41745U 16052B   26162.29092666 -.00000344  00000+0  00000+0 0  9992
2 41745   4.1546  77.3359 0010788 156.7037 252.9173  1.00260351 27860
INTELSAT 36 (IS-36)     
1 41747U 16053A   26163.84872446 -.00000011  00000+0  00000+0 0  9990
2 41747   0.0121   6.0349 0001851 322.7940 306.3777  1.00271681 35910
INSAT-3DR               
1 41752U 16054A   26164.06364044 -.00000064  00000+0  00000+0 0  9990
2 41752   0.0953  86.9367 0010602 187.0242  84.3135  1.00270830 35777
GSAT-18                 
1 41793U 16060A   26164.06364044 -.00000063  00000+0  00000+0 0  9991
2 41793   0.0518 105.7622 0005476 326.1953 286.3223  1.00270775 35489
SKY MUSTER 2 (NBN1B)    
1 41794U 16060B   26163.72119428 -.00000230  00000+0  00000+0 0  9994
2 41794   0.0174 328.2395 0001314 109.5436 227.7023  1.00269896 35471
HIMAWARI-9              
1 41836U 16064A   26164.26783417 -.00000262  00000+0  00000+0 0  9995
2 41836   0.0513 137.6651 0000813 359.9689   1.1480  1.00270416 35174
SHIJIAN-17 (SJ-17)      
1 41838U 16065A   26162.57618714  .00000046  00000+0  00000+0 0  9996
2 41838   5.7379  72.6706 0001784  27.9307 250.9664  0.99853586 35141
GOES 16                 
1 41866U 16071A   26164.21066404 -.00000078  00000+0  00000+0 0  9996
2 41866   0.3305  85.5460 0000229 292.4493 214.6862  1.00270074 35066
TIANLIAN 1-04           
1 41869U 16072A   26164.22655441  .00000043  00000+0  00000+0 0  9997
2 41869   0.8580  82.9435 0042150  89.7371 347.2197  1.00270734 35262
WGS F8 (USA 272)        
1 41879U 16075A   26163.86475786  .00000000  00000+0  00000+0 0  9995
2 41879   0.0398  45.6063 0000228 279.8306  36.8804  1.00266841 34770
FENGYUN 4A              
1 41882U 16077A   26164.28732979 -.00000346  00000+0  00000+0 0  9992
2 41882   2.3115  80.3373 0008627 152.5908 255.8996  1.00270763 34898
ECHOSTAR 19             
1 41893U 16079A   26164.24367394 -.00000126  00000+0  00000+0 0  9993
2 41893   0.0166  15.7997 0001180  57.7099 178.6741  1.00269582 34661
JCSAT-110A (JCSAT-15)   
1 41903U 16082A   26164.28464311 -.00000338  00000+0  00000+0 0  9995
2 41903   0.0172 357.4526 0000448 126.0848 350.6044  1.00269808 34728
STAR ONE D1             
1 41904U 16082B   26164.26055559 -.00000199  00000+0  00000+0 0  9999
2 41904   0.0142  42.0623 0002299  52.6348 176.6877  1.00271904 34737
TJS-2                   
1 41911U 17001A   26164.06216709  .00000006  00000+0  00000+0 0  9999
2 41911   0.8224  85.3786 0000507  44.1815 220.7677  1.00272819 34677
SBIRS GEO-4 (USA 273)   
1 41937U 17004A   26164.26698512  .00000134  00000+0  00000+0 0  9990
2 41937   2.2354  43.1647 0001910  32.9749 302.4613  1.00271427 34552
HISPASAT 36W-1          
1 41942U 17006A   26163.40025756 -.00000229  00000+0  00000+0 0  9993
2 41942   0.0083 275.5555 0001196 173.4599 279.8251  1.00274187 34193
TELKOM 3S               
1 41944U 17007A   26164.28628979 -.00000350  00000+0  00000+0 0  9994
2 41944   0.0199  31.5950 0002008  44.3167  46.7589  1.00272621 34109
INTELSAT 32E (IS-32E)   
1 41945U 17007B   26163.39109420 -.00000253  00000+0  00000+0 0  9993
2 41945   0.0171 333.1752 0000438 350.3516  34.8174  1.00277242 34173
ECHOSTAR 23             
1 42070U 17014A   26163.88456728  .00000000  00000+0  00000+0 0  9990
2 42070   0.0263   0.1393 0001913  80.2398  29.3718  1.00270657 33886
WGS F9 (USA 275)        
1 42075U 17016A   26163.69013870 -.00000082  00000+0  00000+0 0  9994
2 42075   0.0138 310.2654 0000222 359.2743 187.9245  1.00270053 33855
SES-10                  
1 42432U 17017A   26163.82185532 -.00000259  00000+0  00000+0 0  9998
2 42432   0.0216  32.9552 0002610  54.5627  42.6032  1.00270431 33719
CHINASAT 16 (SJ-13)     
1 42662U 17018A   26162.75888278 -.00000336  00000+0  00000+0 0  9998
2 42662   0.0980  91.3752 0003926 138.4966  53.9780  1.00270081 33695
KOREASAT 7              
1 42691U 17023A   26164.28585646 -.00000349  00000+0  00000+0 0  9993
2 42691   0.0214  17.8161 0000751  59.6941  42.8934  1.00272687 33337
SGDC                    
1 42692U 17023B   26163.48354492 -.00000235  00000+0  00000+0 0  9992
2 42692   0.0401  75.3248 0002612  16.6855 268.0292  1.00270110 33356
GSAT-9                  
1 42695U 17024A   26164.06832046  .00000000  00000+0  00000+0 0  9996
2 42695   0.0324  59.4256 0002546  27.0024 296.9491  1.00265516 33259
INMARSAT 5-F4           
1 42698U 17025A   26164.06017375  .00000088  00000+0  00000+0 0  9996
2 42698   0.0187  14.9513 0000445 345.1555 339.4217  1.00272793 33232
SES-15                  
1 42709U 17026A   26163.66693674  .00000074  00000+0  00000+0 0  9992
2 42709   0.0213 330.6262 0000880  52.5288 348.7826  1.00271358  7381
QZS-2 (MICHIBIKI-2)     
1 42738U 17028A   26160.53939596 -.00000147  00000+0  00000+0 0  9997
2 42738  39.4388 243.2674 0760581 269.1776  81.0235  1.00285994  7547
VIASAT-2                
1 42740U 17029A   26163.60717809 -.00000251  00000+0  00000+0 0  9999
2 42740   0.0183 295.2615 0000119 118.2760 356.0955  1.00272406 33154
EUTELSAT 172B           
1 42741U 17029B   26163.86909122  .00000008  00000+0  00000+0 0  9998
2 42741   0.0459 141.9963 0000231 116.2900 127.7980  1.00270798 33695
GSAT-19                 
1 42747U 17031A   26163.98718920  .00000139  00000+0  00000+0 0  9999
2 42747   0.0489 265.9217 0007157 159.9901 238.6390  1.00273025 33101
ECHOSTAR 21             
1 42749U 17032A   26164.26490510  .00000077  00000+0  00000+0 0  9997
2 42749   1.7715 355.4438 0002053  94.1521 277.6181  1.00272051 33065
BULGARIASAT-1           
1 42801U 17038A   26164.04934037  .00000024  00000+0  00000+0 0  9997
2 42801   0.0125 319.4488 0003180 137.1834 184.3996  1.00269518 32806
HELLAS-SAT 3            
1 42814U 17040A   26164.27062513  .00000165  00000+0  00000+0 0  9996
2 42814   0.0408  33.5768 0004776  18.1739 346.2574  1.00269212 32760
GSAT-17                 
1 42815U 17040B   26163.14072301 -.00000242  00000+0  00000+0 0  9995
2 42815   0.0552  91.9332 0001861 211.7115 100.9966  1.00271051 32738
INTELSAT 35E (IS-35E)   
1 42818U 17041A   26164.25606506 -.00000226  00000+0  00000+0 0  9994
2 42818   0.0137 332.8446 0001543 104.9975 241.4339  1.00269859 32779
COSMOS 2520             
1 42907U 17046A   26164.27175181  .00000149  00000+0  00000+0 0  9993
2 42907   0.0472  85.7799 0001048  50.6118 268.0339  1.00272999 32359
TDRS 13                 
1 42915U 17047A   26164.26057175 -.00000090  00000+0  00000+0 0  9990
2 42915   3.4507   2.6311 0014435 106.2019 235.1150  1.00271444 32309
QZS-3 (MICHIBIKI-3)     
1 42917U 17048A   26164.28802312  .00000000  00000+0  00000+0 0  9996
2 42917   0.0245 173.1712 0002410 278.7610  40.3236  1.00264910 32226
AMAZONAS 5              
1 42934U 17053A   26163.46661809 -.00000268  00000+0  00000+0 0  9991
2 42934   0.0336 321.8224 0001959  91.6577 314.3138  1.00288918 31999
ASIASAT 9               
1 42942U 17057A   26164.28706979 -.00000347  00000+0  00000+0 0  9991
2 42942   0.0058 354.1341 0002502  80.0635  52.8506  1.00271079 31825
INTELSAT 37E (IS-37E)   
1 42950U 17059A   26164.25927174 -.00000128  00000+0  00000+0 0  9998
2 42950   0.0156  52.7171 0002355  47.5153 236.6924  1.00272737 32025
BSAT-4A                 
1 42951U 17059B   26164.28464311 -.00000338  00000+0  00000+0 0  9994
2 42951   0.0414  23.0102 0003919  43.9940  46.9010  1.00270095 31762
QZS-4 (MICHIBIKI-4)     
1 42965U 17062A   26163.36175737 -.00000323  00000+0  00000+0 0  9996
2 42965  40.1109 343.5445 0745239 271.6622 273.0963  1.00251829 31751
SES-11 (ECHOSTAR 105)   
1 42967U 17063A   26163.88543396 -.00000077  00000+0  00000+0 0  9992
2 42967   0.0241 316.0093 0002354 124.3158  34.7095  1.00278620 31689
KOREASAT 5A             
1 42984U 17067A   26163.92881630 -.00000344  00000+0  00000+0 0  9993
2 42984   0.0108 334.6715 0000425 135.2664 238.8274  1.00268675 31480
ALCOMSAT 1              
1 43039U 17078A   26164.25797174 -.00000174  00000+0  00000+0 0  9994
2 43039   0.0464  77.0342 0002141   0.2142 252.4131  1.00271382 31258
SBIRS GEO-3 (USA 282)   
1 43162U 18009A   26164.01743601  .00000140  00000+0  00000+0 0  9998
2 43162   2.1809  11.8934 0001845  64.7112  31.6151  1.00271669 30803
AL YAH 3                
1 43174U 18012A   26164.25892507 -.00000144  00000+0  00000+0 0  9996
2 43174   1.5413  83.1523 0003886 358.5457 252.9900  1.00270295 30803
SES-14                  
1 43175U 18012B   26163.68305681 -.00000264  00000+0  00000+0 0  9998
2 43175   0.0183  23.5512 0000900  47.9925  27.8622  1.00267076  6986
GOES 17                 
1 43226U 18022A   26164.24514728 -.00000170  00000+0  00000+0 0  9999
2 43226   0.9269  85.7804 0000427  30.2263 144.3165  1.00270379 30383
HISPASAT 30W-6          
1 43228U 18023A   26163.68658536 -.00000202  00000+0  00000+0 0  9991
2 43228   0.0443  40.2253 0005884  26.7418  51.2166  1.00269570 30364
SUPERBIRD-B3            
1 43271U 18033A   26164.22369440 -.00000080  00000+0  00000+0 0  9998
2 43271   0.0154 342.4734 0001170 130.2578  31.3352  1.00270346 30026
HYLAS 4                 
1 43272U 18033B   26163.68580536 -.00000219  00000+0  00000+0 0  9993
2 43272   0.0138  47.1194 0001049  28.6557  38.6413  1.00267909 30029
IRNSS-1I                
1 43286U 18035A   26163.84582741  .00000073  00000+0  00000+0 0  9995
2 43286  28.7444  74.2643 0017867 181.7241   4.5323  1.00271122 30032
USA 283                 
1 43339U 18036A   26161.43655905  .00000000  00000+0  00000+0 0  9991
2 43339   0.0149 323.1993 0000130 214.6638  12.1871  1.00269147 25223
COSMOS 2526             
1 43432U 18037A   26163.78917388 -.00000330  00000+0  00000+0 0  9999
2 43432   0.0301  77.1235 0000420  89.9053 146.2573  1.00272487 29917
APSTAR-6C               
1 43450U 18041A   26163.79038722 -.00000304  00000+0  00000+0 0  9992
2 43450   0.0234 348.2035 0001061 355.9429 335.5263  1.00270855 29766
BANGABANDHUSAT-1        
1 43463U 18044A   26164.28646312 -.00000350  00000+0  00000+0 0  9995
2 43463   0.0187  39.9949 0001574  39.8646  43.9744  1.00271731 29671
SES-12                  
1 43488U 18049A   26164.06780046 -.00000256  00000+0  00000+0 0  9991
2 43488   0.0184  22.7527 0000887 257.4637 100.5911  1.00268542 29370
FENGYUN 2H              
1 43491U 18050A   26164.06476711 -.00000119  00000+0  00000+0 0  9996
2 43491   3.0192  79.1271 0001899 133.1484 151.8574  1.00270096 29395
BEIDOU-2 IGSO-7         
1 43539U 18057A   26163.92794963  .00000023  00000+0  00000+0 0  9995
2 43539  55.1944 163.0954 0104897 237.8995 304.6030  1.00252210 29082
TELSTAR 19V             
1 43562U 18059A   26163.96527675 -.00000266  00000+0  00000+0 0  9991
2 43562   0.0198 159.4401 0002462 316.6152  69.7286  1.00269751 29103
TELKOM 4 (MERAH PUTIH)  
1 43587U 18064A   26164.28429645 -.00000332  00000+0  00000+0 0  9992
2 43587   0.0162  28.2851 0001226  83.2299   0.4343  1.00271183 28847
TELSTAR 18V             
1 43611U 18069A   26163.79116722 -.00000280  00000+0  00000+0 0  9991
2 43611   0.0164 324.1646 0001557 116.5611 243.2062  1.00268592 28599
AZERSPACE 2 (IS-38)     
1 43632U 18074A   26164.12919064  .00000149  00000+0  00000+0 0  9991
2 43632   0.0170 333.3048 0001192 109.7058 270.0615  1.00270324 28409
HORIZONS-3E             
1 43633U 18074B   26163.65471667 -.00000016  00000+0  00000+0 0  9995
2 43633   0.0178 157.8614 0000984 110.9858  36.8289  1.00270463 28292
AEHF-4 (USA 288)        
1 43651U 18079A   26164.27140559 -.00000264  00000+0  00000+0 0  9997
2 43651   1.4308   3.6139 0060428 356.3544 291.7843  1.00273857 28253
BEIDOU-3 G1             
1 43683U 18085A   26164.22326106 -.00000098  00000+0  00000+0 0  9993
2 43683   2.8568  97.4977 0008158 348.6556  55.7326  1.00270668 28027
GSAT-29                 
1 43698U 18089A   26164.05991375  .00000098  00000+0  00000+0 0  9999
2 43698   0.0567 104.4341 0003325 331.9307 261.6249  1.00272658 27747
ES'HAIL 2               
1 43700U 18090A   26164.26802512  .00000156  00000+0  00000+0 0  9997
2 43700   0.0014 352.0519 0001497 130.5545 261.2737  1.00268629 27630
GEO-KOMPSAT-2A          
1 43823U 18100A   26164.28828312 -.00000331  00000+0  00000+0 0  9999
2 43823   0.0496 138.5411 0001810 306.7741  48.3368  1.00272471 27591
GSAT-11                 
1 43824U 18100B   26164.06364044 -.00000064  00000+0  00000+0 0  9996
2 43824   0.0401 255.0032 0007662 192.2125 271.0833  1.00270990 27436
GSAT-7A                 
1 43864U 18105A   26164.06138709  .00000000  00000+0  00000+0 0  9991
2 43864   0.0174   2.9340 0001900  57.6522 285.6573  1.00269750 27403
COSMOS 2533             
1 43867U 18107A   26162.93999157 -.00000022  00000+0  00000+0 0  9997
2 43867   0.0454 109.2968 0000166  38.0443 161.3247  1.00270720 27397
TJS-3                   
1 43874U 18110A   26163.75112676 -.00000203  00000+0  00000+0 0  9994
2 43874   2.5328  80.5431 0002075  82.3297 156.8701  1.00271549 27370
ZHONGXING-2D            
1 43920U 19001A   26164.28862980 -.00000324  00000+0  00000+0 0  9999
2 43920   0.0396 249.3234 0001456  92.0135 154.1832  1.00273486 54049
HELLAS-SAT 4 & SGS-1    
1 44034U 19007A   26164.27062513  .00000165  00000+0  00000+0 0  9997
2 44034   0.0699 131.9473 0005099  11.0721 255.0333  1.00272479 27321
GSAT-31                 
1 44035U 19007B   26164.27235847  .00000138  00000+0  00000+0 0  9990
2 44035   0.0752 260.7754 0001792 101.6098  45.0703  1.00272532 26927
NUSANTARA SATU          
1 44048U 19009A   26164.22475360 -.00000222  00000+0  00000+0 0  9992
2 44048   0.0475 150.3493 0004178 325.3053  12.8058  1.00270056 26737
ZHONGXING-6C            
1 44067U 19012A   26164.28871647 -.00000323  00000+0  00000+0 0  9993
2 44067   0.1080  79.0105 0013706 331.4246  85.5192  1.00273275 26706
WGS 10 (USA 291)        
1 44071U 19014A   26163.56188697  .00000000  00000+0  00000+0 0  9997
2 44071   0.0249   6.7067 0000609 295.7167 221.0543  1.00271701 26577
TIANLIAN 2-01           
1 44076U 19017A   26164.06424711 -.00000094  00000+0  00000+0 0  9995
2 44076   0.5289  83.1125 0000649  24.8135 253.6066  1.00270639 26609
ARABSAT-6A              
1 44186U 19021A   26164.12633062  .00000166  00000+0  00000+0 0  9999
2 44186   0.0533  11.1956 0001619 356.5432 329.6987  1.00270421 26115
BEIDOU-3 IGSO-1         
1 44204U 19023A   26157.95428288 -.00000215  00000+0  00000+0 0  9993
2 44204  58.6799  37.7569 0025434 225.6649  92.8731  1.00294886  7105
BEIDOU-2 G8             
1 44231U 19027A   26164.29148980 -.00000236  00000+0  00000+0 0  9993
2 44231   1.6467  74.5020 0010279 282.5550 154.0328  1.00272151 26048
YAMAL 601               
1 44307U 19031A   26164.27253181  .00000132  00000+0  00000+0 0  9994
2 44307   0.0192  17.8861 0002102  65.2047 325.6248  1.00272598 25889
AT&T T-16               
1 44333U 19034A   26163.95778303 -.00000102  00000+0  00000+0 0  9996
2 44333   0.0211  60.1740 0000804 231.2393 213.8157  1.00270606 25596
EUTELSAT 7C             
1 44334U 19034B   26163.69395206  .00000062  00000+0  00000+0 0  9999
2 44334   0.0752 174.9722 0003104 252.8706  90.0077  1.00269272  6798
BEIDOU-3 IGSO-2         
1 44337U 19035A   26162.98574688 -.00000041  00000+0  00000+0 0  9995
2 44337  55.2458 158.9084 0039925 216.2500 359.8397  1.00267954 25613
COSMOS 2539             
1 44457U 19048A   26164.26525177  .00000093  00000+0  00000+0 0  9990
2 44457   0.0394  96.7406 0000109 295.3529 336.9825  1.00268558 25186
EDRS-C                  
1 44475U 19049A   26164.29114314  .00000000  00000+0  00000+0 0  9999
2 44475   0.0167  22.3908 0000032 128.8240 357.7163  1.00269276 25174
INTELSAT 39 (IS-39)     
1 44476U 19049B   26164.06130043  .00000047  00000+0  00000+0 0  9993
2 44476   0.0019 348.4556 0000883 321.2377  35.7078  1.00270383 25085
AMOS-17                 
1 44479U 19050A   26164.26620510  .00000122  00000+0  00000+0 0  9997
2 44479   0.0215 318.1430 0001567 158.3764 257.8817  1.00271390 25144
AEHF-5 (USA 292)        
1 44481U 19051A   26164.06754045 -.00000245  00000+0  00000+0 0  9997
2 44481   1.4585 335.8750 0066374   0.2869  42.5567  1.00275097 25229
EUTELSAT 5 WEST B       
1 44624U 19067A   26164.26187176 -.00000030  00000+0  00000+0 0  9992
2 44624   0.0628 357.6230 0002913  83.7618 269.4877  1.00271927 24392
TJS-4                   
1 44637U 19070A   26164.06554712  .00000000  00000+0  00000+0 0  9998
2 44637   0.0236   2.3487 0004460  37.5546 328.5663  1.00267905 24497
BEIDOU-3 IGSO-3         
1 44709U 19073A   26136.81046384 -.00000217  00000+0  00000+0 0  9995
2 44709  54.8566 281.2355 0042953 189.4588 170.3676  1.00246251 24144
TIBA-1                  
1 44800U 19080A   26164.26993179  .00000168  00000+0  00000+0 0  9992
2 44800   0.0515   0.3598 0001798  93.7980 300.1050  1.00268727 24014
INMARSAT GX5            
1 44801U 19080B   26164.26507844  .00000087  00000+0  00000+0 0  9993
2 44801   0.0445  26.0750 0002187  53.9630 288.0050  1.00271537  6742
JCSAT-18 (KACIFIC 1)    
1 44868U 19091A   26163.79350723  .00000000  00000+0  00000+0 0  9992
2 44868   0.0118 335.4046 0000488 269.9421  91.4339  1.00268879 23960
ELEKTRO-L 3             
1 44903U 19095A   26164.06407377 -.00000083  00000+0  00000+0 0  9997
2 44903   0.2449  81.5387 0001084 355.9180 282.9502  1.00271696 23664
SHIJIAN-20 (SJ-20)      
1 44910U 19097A   26162.65012118  .00000149  00000+0  00000+0 0  9997
2 44910   4.9041  75.1287 0013820  54.2016  49.5311  1.00275988 23648
TJS-5                   
1 44978U 20002A   26163.85643782 -.00000328  00000+0  00000+0 0  9999
2 44978   0.0229 292.1361 0007444 115.0769 269.8017  1.00271139 23663
GSAT-30                 
1 45026U 20005A   26164.06546045 -.00000151  00000+0  00000+0 0  9999
2 45026   0.0632 100.2660 0003366 343.6182 284.0551  1.00271616 23464
EUTELSAT KONNECT        
1 45027U 20005B   26163.69395206  .00000065  00000+0  00000+0 0  9992
2 45027   0.0723  99.8531 0001648 128.9449 289.2912  1.00275963 24296
JCSAT-17                
1 45245U 20013A   26164.28984314 -.00000307  00000+0  00000+0 0  9993
2 45245   5.3925 356.8297 0002365  83.5832  61.5613  1.00271724 23192
GEO-KOMPSAT-2B          
1 45246U 20013B   26164.28828312 -.00000331  00000+0  00000+0 0  9996
2 45246   0.0176 255.2616 0000739  15.0095 223.3798  1.00272603 23249
BEIDOU-3 G2             
1 45344U 20017A   26164.06485377 -.00000130  00000+0  00000+0 0  9992
2 45344   2.8546  47.2727 0002189  32.7659 284.7664  1.00272615 23217
AEHF-6 (USA 298)        
1 45465U 20022B   26164.29010314 -.00000284  00000+0  00000+0 0  9992
2 45465   2.5574 301.0971 0043189  17.0575 185.6590  1.00272852 22971
BEIDOU-3 G3             
1 45807U 20040A   26164.28472978 -.00000343  00000+0  00000+0 0  9995
2 45807   2.4362  67.4406 0002503 336.7928  70.4276  1.00268740 22039
APSTAR-6D               
1 45863U 20045A   26163.86163785 -.00000304  00000+0  00000+0 0  9995
2 45863   0.0494 112.7015 0001955 330.7120 261.9926  1.00270996 21819
KOREASAT 116            
1 45920U 20048A   26164.28585646 -.00000350  00000+0  00000+0 0  9994
2 45920   0.0144 346.4893 0000722  97.3541  36.8883  1.00269948 21602
EXPRESS 103             
1 45985U 20053A   26164.10114338 -.00000267  00000+0  00000+0 0  9995
2 45985   0.0123 295.4025 0000223 103.4460 355.4975  1.00270891 21606
EXPRESS 80              
1 45986U 20053B   26164.05177094 -.00000124  00000+0  00000+0 0  9990
2 45986   0.0197 285.4495 0001876 237.0832 197.4818  1.00275822 21586
BSAT-4B                 
1 46112U 20056A   26164.28464311  .00000000  00000+0  00000+0 0  9993
2 46112   0.0174 100.6416 0003737  15.1841 358.0792  1.00268833 21352
MEV-2                   
1 46113U 20056B   26164.26265176  .00000001  00000+0  00000+0 0  9991
2 46113   0.0107 328.0771 0000154 237.9101 149.1356  1.00269830 80440
GALAXY 30 (G-30)        
1 46114U 20056C   26164.26332130  .00000000  00000+0  00000+0 0  9996
2 46114   0.0263   4.2630 0002076  85.2436 141.8652  1.00270054 21253
GAOFEN-13 01            
1 46610U 20071A   26164.28620313 -.00000351  00000+0  00000+0 0  9999
2 46610   0.5109  84.8889 0041375 123.6214 274.3411  1.00272589 20882
TIANTONG-1 2            
1 46916U 20082A   26164.28758979 -.00000343  00000+0  00000+0 0  9991
2 46916   0.7959 326.9159 0000982  98.4679  64.6987  1.00271335 20616
LUCAS (JDRS-1)          
1 47202U 20089A   26164.06702045 -.00000223  00000+0  00000+0 0  9993
2 47202   0.0142 297.1401 0002080 135.2969 303.8846  1.00271486 20376
SXM-7                   
1 47240U 20096A   26163.88959397 -.00000191  00000+0  00000+0 0  9990
2 47240   0.0410 121.9228 0003792   4.0889  10.3053  1.00270240  7408
CMS-01                  
1 47256U 20099A   26164.06546045 -.00000151  00000+0  00000+0 0  9999
2 47256   0.0876  96.5737 0003757 180.1932  91.1803  1.00271249 20156
TURKSAT 5A              
1 47306U 21001A   26163.79975087  .00000168  00000+0  00000+0 0  9997
2 47306   0.0162  45.9216 0000077 215.2485 318.8046  1.00271122 19926
TIANTONG-1 3            
1 47321U 21003A   26164.06511377 -.00000142  00000+0  00000+0 0  9998
2 47321   1.7596 339.0191 0003181 110.2963 277.0616  1.00271254 19920
TJS-6                   
1 47613U 21010A   26164.22698774  .00000055  00000+0  00000+0 0  9997
2 47613   0.2618 264.3633 0003022 223.1395  34.2810  1.00268517 19760
SBIRS GEO-5 (USA 315)   
1 48618U 21042A   26164.11969344 -.00000256  00000+0  00000+0 0  9994
2 48618   5.1091 329.0934 0001304 121.0815 308.1685  1.00270800 18739
FENGYUN 4B              
1 48808U 21047A   26164.28360311 -.00000318  00000+0  00000+0 0  9996
2 48808   0.1430  77.0513 0005865 275.6530 115.5342  1.00278453 18531
SXM-8                   
1 48838U 21049A   26163.88959397 -.00000191  00000+0  00000+0 0  9993
2 48838   0.0201  18.0567 0004910  13.7893 104.4761  1.00269556 18543
TIANLIAN 1-05           
1 49011U 21063A   26164.26620510  .00000119  00000+0  00000+0 0  9997
2 49011   1.5834  80.7342 0000590 316.2381 337.2531  1.00270578 18036
STAR ONE D2             
1 49055U 21069A   26163.53605743  .00000000  00000+0  00000+0 0  9990
2 49055   0.0152 340.0602 0002027 127.0057 276.6703  1.00266917 17899
EUTELSAT QUANTUM        
1 49056U 21069B   26163.98718920  .00000139  00000+0  00000+0 0  9995
2 49056   0.0176  28.8684 0002097  53.8389 221.6893  1.00270635 17889
ZHONGXING-2E            
1 49062U 21071A   26164.06840713 -.00000278  00000+0  00000+0 0  9996
2 49062   0.0383 234.5045 0001700 255.7928 253.7942  1.00271356 17999
TJS-7                   
1 49115U 21077A   26164.24315394 -.00000111  00000+0  00000+0 0  9999
2 49115   0.4973  86.1634 0002057 334.3985 189.0561  1.00269989  9511
CHINASAT 9B             
1 49125U 21080A   26164.10100450 -.00000300  00000+0  00000+0 0  9994
2 49125   0.0438  94.6996 0001398  16.7946 287.7164  1.00270492 17609
SHIJIAN-21 (SJ-21)      
1 49330U 21094A   26164.28210331 -.00000339  00000+0  00000+0 0  9998
2 49330   5.1034  61.2031 0049829 168.2264 261.7686  1.00272555  5321
SES-17                  
1 49332U 21095A   26163.53666411 -.00000257  00000+0  00000+0 0  9991
2 49332   0.0261  34.7399 0000824  49.2631 302.9641  1.00268799 17809
SYRACUSE 4A             
1 49333U 21095B   26164.27192514  .00000147  00000+0  00000+0 0  9999
2 49333   0.0175 346.8543 0001451  94.5991 323.5389  1.00269997 17901
QZS-1R (MICHIBIKI-1R)   
1 49336U 21096A   26163.64613531 -.00000260  00000+0  00000+0 0  9997
2 49336  37.4525  79.6520 0754486 271.6998 276.5137  1.00256900 16964
ZHONGXING-1D            
1 49505U 21114A   26164.28862980 -.00000324  00000+0  00000+0 0  9992
2 49505   0.0304 236.9889 0000576 345.7469 272.9769  1.00270870 16782
STPSAT-6                
1 49817U 21118A   26164.19975383 -.00000034  00000+0  00000+0 0  9992
2 49817   0.3103  85.4318 0001459 246.8782 249.4609  1.00272959 16537
EXPRESS AMU-7           
1 50001U 21123A   26164.22031439 -.00000230  00000+0  00000+0 0  9992
2 50001   0.0167 315.2562 0000319 355.7211 174.8848  1.00271240 16502
EXPRESS AMU-3           
1 50002U 21123B   26163.98832503  .00000000  00000+0  00000+0 0  9990
2 50002   0.0238 316.1914 0000224  57.6639 346.1453  1.00270388  6989
TIANLIAN 2-02           
1 50005U 21124A   26164.22542774 -.00000002  00000+0  00000+0 0  9993
2 50005   0.7898  86.2126 0001349 202.4325 225.0296  1.00271511 16588
TURKSAT 5B              
1 50212U 21126A   26164.05731374  .00000159  00000+0  00000+0 0  9994
2 50212   0.0679 340.9245 0003414   9.8088 333.2789  1.00268455 16256
INMARSAT 6-F1           
1 50319U 21128A   26163.85175780 -.00000158  00000+0  00000+0 0  9994
2 50319   0.0164 315.4067 0000344 262.1207  74.0399  1.00270669 16211
SHIYAN-12 01 (SY-12 01) 
1 50321U 21129A   26163.70519412  .00000069  00000+0  00000+0 0  9996
2 50321   3.6624  79.9688 0003267 285.0494 213.7315  1.00038393 16456
SHIYAN-12 02 (SY-12 02) 
1 50322U 21129B   26163.70944794 -.00000221  00000+0  00000+0 0  9993
2 50322   3.6621  79.9748 0002680  60.3688 101.4803  1.00490412 16457
TJS-9                   
1 50574U 21135A   26164.29001647 -.00000287  00000+0  00000+0 0  9997
2 50574   0.0468 253.1257 0004348 155.8290  94.2513  1.00269174 16398
USA 324                 
1 51280U 22006A   26157.08795008 -.00000058  00000+0  00000+0 0  9996
2 51280   0.7690  83.2777 0002840 165.6787 110.1567  1.00289779 16021
GOES 18                 
1 51850U 22021A   26164.02185602  .00000110  00000+0  00000+0 0  9999
2 51850   0.0390 159.0555 0000449   4.1908 328.9636  1.00271996  6550
ZHONGXING-6D            
1 52255U 22038A   26163.92698007 -.00000340  00000+0  00000+0 0  9999
2 52255   0.0214 276.9262 0000488 152.8823 290.2052  1.00274126 15381
NILESAT 301             
1 52817U 22061A   26164.26143841 -.00000045  00000+0  00000+0 0  9990
2 52817   0.0458 357.3981 0004695  55.9212 295.3931  1.00270275 14692
CMS-02 (GSAT-24)        
1 52903U 22067A   26164.06546045 -.00000152  00000+0  00000+0 0  9992
2 52903   0.0443 113.6454 0001444 253.2232   1.0874  1.00271482 14569
MEASAT 3D               
1 52904U 22067B   26164.06710712 -.00000228  00000+0  00000+0 0  9991
2 52904   0.0353 320.0223 0000505 102.0151 314.9804  1.00268619 14608
SES-22                  
1 52933U 22071A   26164.25704866  .00000117  00000+0  00000+0 0  9998
2 52933   0.0109 311.6507 0001287 118.2154 145.2437  1.00269481  7483
WFOV (USA 332)          
1 52940U 22073A   26164.28646312 -.00000352  00000+0  00000+0 0  9994
2 52940   3.7005  78.5764 0002167 236.6638 168.7292  1.00268531 14336
TIANLIAN 2-03           
1 53100U 22078A   26164.26499177  .00000084  00000+0  00000+0 0  9992
2 53100   0.6619  76.9655 0001554 325.6442 324.9574  1.00271783 14505
SBIRS GEO-6 (USA 336)   
1 53355U 22092A   26164.29044980 -.00000279  00000+0  00000+0 0  9998
2 53355   3.2648 317.4239 0001732 118.8894  68.8681  1.00270745 14195
EUTELSAT KONNECT VHTS   
1 53765U 22110A   26164.26343176  .00000029  00000+0  00000+0 0  9992
2 53765   0.0652 103.0057 0002397 323.2718 292.8398  1.00267844  6799
ZHONGXING-1E            
1 53813U 22112A   26164.06511377 -.00000136  00000+0  00000+0 0  9996
2 53813   0.0495 236.4048 0000881  81.3512  48.4565  1.00272654 13805
SES-20                  
1 53960U 22123A   26164.26164911 -.00000088  00000+0  00000+0 0  9997
2 53960   0.0353  73.5570 0001748  22.9864 156.1287  1.00268844 13494
SES-21                  
1 53961U 22123B   26164.27669352  .00000082  00000+0  00000+0 0  9991
2 53961   0.0254  32.4584 0000961  48.3404 149.3953  1.00269846  7177
GALAXY 33 (G-33)        
1 54026U 22128A   26164.26887023  .00000091  00000+0  00000+0 0  9995
2 54026   0.0101 324.9138 0001625 120.6406 139.8325  1.00270679 13708
GALAXY 34 (G-34)        
1 54027U 22128B   26163.95197634  .00000072  00000+0  00000+0 0  9992
2 54027   0.0151  10.9191 0001425  95.2882   8.7862  1.00272983 13876
ANGOSAT 2               
1 54033U 22131A   26164.05358706  .00000149  00000+0  00000+0 0  9999
2 54033   0.0338  82.1779 0001096  25.4033 196.0924  1.00272710 13430
EUTELSAT HOTBIRD 13F    
1 54048U 22134A   26164.12286395  .00000100  00000+0  00000+0 0  9997
2 54048   0.0466 293.4232 0002068  62.4091 322.8520  1.00272500 13331
LDPE-2                  
1 54219U 22144A   26164.30453927  .00000139  00000+0  00000+0 0  9997
2 54219   5.6034  63.6824 0001842 104.9808  41.4726  1.00530394 11804
EUTELSAT HOTBIRD 13G    
1 54225U 22146A   26164.12286395  .00000100  00000+0  00000+0 0  9997
2 54225   0.0484 228.8740 0002006 317.4684 132.3379  1.00272040  7425
ZHONGXING-19            
1 54230U 22148A   26164.22386773 -.00000069  00000+0  00000+0 0  9992
2 54230   0.0178 326.8140 0002233 142.1588  36.3539  1.00271211 13340
GALAXY 31 (G-31)        
1 54243U 22153A   26164.26035431  .00000000  00000+0  00000+0 0  9992
2 54243   0.0184 359.4063 0000974  77.8444 157.0443  1.00269991  7094
GALAXY 32 (G-32)        
1 54244U 22153B   26163.46063806 -.00000159  00000+0  00000+0 0  9997
2 54244   0.0112  15.0853 0002028  18.1712 302.3687  1.00271325 13092
EUTELSAT 10B            
1 54259U 22157A   26163.90837450  .00000081  00000+0  00000+0 0  9993
2 54259   0.0642 100.4121 0001561  14.6254 123.2149  1.00267226 12981
GALAXY 35 (G-35)        
1 54741U 22170A   26164.24445395 -.00000150  00000+0  00000+0 0  9993
2 54741   0.0023 246.3782 0001796 198.3388 171.7482  1.00270405 12858
GALAXY 36 (G-36)        
1 54742U 22170B   26164.24523395 -.00000173  00000+0  00000+0 0  9996
2 54742   0.0402 126.0104 0002506 316.4756 178.3688  1.00271339 12739
METEOSAT-12 (MTG-I1)    
1 54743U 22170C   26164.26282509  .00000004  00000+0  00000+0 0  9990
2 54743   0.7338  22.2696 0003166  72.2391 261.2665  1.00271868 12939
SHIJIAN-23 (SJ-23)      
1 55131U 23002A   26163.73367405 -.00000215  00000+0  00000+0 0  9992
2 55131   3.7055  78.3671 0003804 272.1429 325.7246  1.00088656 12467
APSTAR-6E               
1 55239U 23005A   26161.66423256 -.00000300  00000+0  00000+0 0  9996
2 55239   0.0249 253.3859 0001043 305.6629  73.1073  1.00270607 18626
USA 342                 
1 55263U 23008A   26161.27337965  .00000000  00000+0  00000+0 0  9990
2 55263   0.0036  23.3608 0000235 273.9776  83.6406  1.00272706 12448
LDPE-3A                 
1 55264U 23008B   26164.24445395 -.00000007  00000+0  00000+0 0  9996
2 55264   2.3371  81.7110 0001097  64.2180 110.5979  0.99144917 11778
ELEKTRO-L 4             
1 55506U 23016A   26163.81405245 -.00000044  00000+0  00000+0 0  9997
2 55506   0.0725 170.6663 0000710   4.6056 184.7374  1.00270500 12298
AMAZONAS NEXUS          
1 55508U 23017A   26164.25077837 -.00000270  00000+0  00000+0 0  9992
2 55508   0.0370  34.0037 0004989  31.0196 225.8361  1.00271164  7008
ZHONGXING-26            
1 55686U 23023A   26163.28959263 -.00000338  00000+0  00000+0 0  9995
2 55686   0.0704  72.0144 0003340  12.8819  45.0683  1.00273412 12188
LUCH-5X (OLYMP-K 2)     
1 55841U 23031A   26163.70484747  .00000047  00000+0  00000+0 0  9990
2 55841   0.0260  57.9527 0000649 171.9697 346.8348  1.00273743 11899
GAOFEN-13 02            
1 55912U 23036A   26164.22475360 -.00000206  00000+0  00000+0 0  9991
2 55912   1.0199   0.5875 0004143 336.0639 154.1067  1.00271282 12056
SES-18                  
1 55970U 23038A   26164.26164911 -.00000089  00000+0  00000+0 0  9997
2 55970   0.0207 292.9238 0000254   9.2101 310.5436  1.00271067 12061
SES-19                  
1 55971U 23038B   26164.02228935  .00000101  00000+0  00000+0 0  9993
2 55971   0.0109 333.5368 0001475 112.5219  48.4227  1.00272725 12059
INTELSAT 40E (IS-40E)   
1 56174U 23052A   26163.53189741 -.00000160  00000+0  00000+0 0  9997
2 56174   0.0197  34.9539 0001820  92.3118 234.0837  1.00271965 11774
VIASAT-3 F1             
1 56370U 23060A   26163.88881397  .00000000  00000+0  00000+0 0  9990
2 56370   0.0239 332.5417 0000831  92.2317  67.4368  1.00269634 11397
ARCTURUS                
1 56371U 23060B   26164.13011318 -.00000052  00000+0  00000+0 0  9996
2 56371   2.7655  79.9988 0002444  47.0093 253.7663  1.00272218 11418
GS-1                    
1 56372U 23060C   26159.64661679 -.00000208  00000+0  00000+0 0  9991
2 56372   2.7050  79.9310 0004125 279.9950 219.1575  1.00277054  7453
BEIDOU-3 G4             
1 56564U 23066A   26164.29062314 -.00000268  00000+0  00000+0 0  9994
2 56564   0.4916 330.4029 0004290 181.8988 353.9188  1.00275055 11359
ARABSAT-7B (BADR-8)     
1 56757U 23075A   26163.77683866  .00000158  00000+0  00000+0 0  9998
2 56757   0.0753  26.9658 0004678 354.8356 184.9762  1.00270714 11070
NVS-01 (IRNSS-1J)       
1 56759U 23076A   26164.28854314 -.00000321  00000+0  00000+0 0  9999
2 56759   2.1758 244.5341 0003174  37.0395 213.4371  1.00266550 11077
NUSANTARA TIGA (SATRIA) 
1 57045U 23086A   26164.22475360 -.00000223  00000+0  00000+0 0  9994
2 57045   0.0360 347.3516 0003264   0.5291 140.5796  1.00268113  9725
H2SAT (HEINRICH HERTZ)  
1 57213U 23093A   26163.62136929  .00000016  00000+0  00000+0 0  9996
2 57213   0.0583 109.5172 0000719  64.8550 310.9708  1.00270393 10875
SYRACUSE 4B             
1 57214U 23093B   26163.69126538  .00000000  00000+0  00000+0 0  9992
2 57214   0.0241   7.3348 0000312 232.7039 263.4059  1.00270024  6927
JUPITER 3 (ECHOSTAR 24) 
1 57479U 23108A   26163.53990186  .00000000  00000+0  00000+0 0  9993
2 57479   0.0212 345.4101 0001316  94.0166 280.5881  1.00270301 10595
GALAXY 37 (G-37)        
1 57493U 23112A   26164.26364411  .00000061  00000+0  00000+0 0  9998
2 57493   0.0159  43.6214 0001752  35.5311 150.3402  1.00270787 10501
LUDI TANCE-4 01A        
1 57624U 23120A   26163.11969530 -.00000152  00000+0  00000+0 0  9991
2 57624  15.1051 194.0947 0000954  65.5253 133.6374  1.00269818 10493
TJS-10                  
1 58204U 23169A   26163.63954861 -.00000234  00000+0  00000+0 0  9998
2 58204   2.5322  80.5427 0004115 102.2763  40.7087  1.00265806  9499
ZHONGXING-6E            
1 58253U 23172A   26164.28576979 -.00000349  00000+0  00000+0 0  9995
2 58253   0.0295  82.9946 0002679 356.2681  40.7340  1.00273373  9625
YAOGAN-41               
1 58582U 23197A   26164.28724312 -.00000348  00000+0  00000+0 0  9992
2 58582   3.1362 313.0765 0014021 193.9173 341.2256  1.00272185  9289
OVZON-3                 
1 58698U 24003A   26164.06078043  .00000000  00000+0  00000+0 0  9990
2 58698   0.0120   3.4178 0000286 216.4074 123.1188  1.00272739  7400
INSAT-3DS               
1 58990U 24033A   26164.06528712 -.00000143  00000+0  00000+0 0  9990
2 58990   0.0438 134.5992 0001017 300.6696 291.7190  1.00271890 47020
MERAH PUTIH 2           
1 58995U 24035A   26164.07135381 -.00000345  00000+0  00000+0 0  9998
2 58995   0.0197  32.1688 0000831  65.9410 301.9307  1.00271767  8541
TJS-11                  
1 59020U 24037A   26160.79926416 -.00000338  00000+0  00000+0 0  9994
2 59020   4.2095 326.9725 0006664 186.9347 143.4309  1.00155909  8509
HULIANWAN GAOGUI-01 (H*)
1 59069U 24040A   26164.05566706  .00000169  00000+0  00000+0 0  9997
2 59069   0.0680 328.6919 0002788  68.0201 278.2912  1.00269151  7288
EUTELSAT 36D            
1 59346U 24059A   26163.84226720  .00000169  00000+0  00000+0 0  9990
2 59346   0.0174  15.8152 0000808 165.7101  58.7398  1.00270822  8101
PAKSAT-MM1              
1 59915U 24104A   26163.98528252  .00000167  00000+0  00000+0 0  9991
2 59915   0.0389  97.9263 0001745 343.9563 212.3309  1.00275305  7489
ASTRA 1P (SES-24)       
1 60086U 24115A   26163.69637874  .00000134  00000+0  00000+0 0  9997
2 60086   0.0591 359.7747 0000980 355.9325 175.2203  1.00268824  7152
GOES 19                 
1 60133U 24119A   26164.24800502 -.00000236  00000+0  00000+0 0  9990
2 60133   0.0139 155.3768 0000487  15.5540 104.7270  1.00270171  6929
ZHONGXING-3A            
1 60179U 24122A   26163.71265463 -.00000299  00000+0  00000+0 0  9995
2 60179   0.0470 130.5107 0001234 342.7597 145.9109  1.00270566  7261
TURKSAT 6A              
1 60233U 24127A   26164.05731374  .00000160  00000+0  00000+0 0  9994
2 60233   0.0534 210.8035 0001329 278.4128 194.8159  1.00268029  6971
HULIANWAN GAOGUI-02 (H*)
1 60327U 24135A   26162.79608083 -.00000157  00000+0  00000+0 0  9993
2 60327   0.0431 352.9234 0007569  13.8749 333.1056  1.00270530  7449
ZHONGXING-4A            
1 60606U 24151A   26164.28628979 -.00000349  00000+0  00000+0 0  9996
2 60606   1.3248 270.8895 0000460 239.9545 331.9969  1.00266703  6713
HULIANWAN GAOGUI-03 (H*)
1 61503U 24181A   26163.89115398 -.00000228  00000+0  00000+0 0  9994
2 61503   0.0451 355.9839 0000978  95.1785  53.7263  1.00272983  6787
DSN-3 (KIRAMEKI-3)      
1 61733U 24198A   26164.29140314 -.00000238  00000+0  00000+0 0  9999
2 61733   0.0018 352.9237 0000977 181.1760 336.4543  1.00268421  5882
KOREASAT 6A             
1 61910U 24206A   26163.85808449  .00000000  00000+0  00000+0 0  9993
2 61910   0.0162 349.6036 0000587  68.4248 268.0643  1.00268143  5796
OPTUS-X (ADS-01)        
1 62006U 24212A   26164.22256773 -.00000131  00000+0  00000+0 0  9992
2 62006   0.0173 357.3585 0001606 128.5975  12.1053  1.00270037  5729
GSAT-N2 (GSAT-20)       
1 62028U 24214A   26164.06242709 -.00000006  00000+0  00000+0 0  9995
2 62028   0.0429 135.5973 0001825 297.4857 278.7583  1.00269189  5850
SXM-9                   
1 62259U 24234A   26163.96081638 -.00000192  00000+0  00000+0 0  9999
2 62259   0.0145 331.4615 0004993 342.5980 207.9610  1.00270527  5537
TJS-12                  
1 62374U 24246A   26164.22475360 -.00000218  00000+0  00000+0 0  9998
2 62374   0.6797 298.7607 0002041  81.1861 109.0698  1.00270530  5527
NUVIEW ALPHA            
1 62455U 24252B   26164.26070508 -.00000203  00000+0  00000+0 0  9998
2 62455   0.0578  35.6257 0000908  11.0875 225.6407  1.00272004  3781
AGILA                   
1 62456U 24252C   26163.86527786 -.00000166  00000+0  00000+0 0  9997
2 62456   0.0594 129.8997 0001154   2.9983 231.9402  1.00279451  5117
NUVIEW BRAVO            
1 62457U 24252D   26164.26070517 -.00000202  00000+0  00000+0 0  9999
2 62457   0.0677 151.7498 0001750 328.7754 151.7963  1.00271077  3752
THURAYA-4               
1 62483U 25001A   26163.98649586  .00000152  00000+0  00000+0 0  9990
2 62483   0.0265  64.4922 0000221 186.9029  49.3681  1.00272431  4134
SHIJIAN-25 (SJ-25)      
1 62485U 25002A   26163.73452044 -.00000339  00000+0  00000+0 0  9995
2 62485   5.1022  61.1883 0052199 173.1910  58.4404  1.00269787  5316
TJS-14                  
1 62804U 25017A   26164.26655178  .00000128  00000+0  00000+0 0  9993
2 62804   0.7918 295.3335 0000947 288.9591 151.6177  1.00272624  5231
SPAINSAT NG I           
1 62852U 25021A   26163.98337584  .00000165  00000+0  00000+0 0  9998
2 62852   0.0138 328.9354 0000351 234.0638  81.3310  1.00271206  3947
QZS-6 (MICHIBIKI-6)     
1 62876U 25023A   26164.06693378 -.00000220  00000+0  00000+0 0  9995
2 62876   0.0434  65.0559 0001734  24.6652 286.2865  1.00271827  4900
ZHONGXING-10R           
1 63075U 25036A   26164.28472978 -.00000340  00000+0  00000+0 0  9999
2 63075   0.0339 248.0686 0003424 251.6098 334.9443  1.00273775  4923
TJS-15                  
1 63157U 25045A   26163.71126794 -.00000251  00000+0  00000+0 0  9990
2 63157   0.2802  85.5081 0004716 296.7226 229.2467  1.00273032  4717
TIANLIAN 2-04           
1 63361U 25062A   26163.92231626 -.00000118  00000+0  00000+0 0  9992
2 63361   4.3864 274.5032 0031710  10.3117  28.5121  1.00271042  4565
TJS-16                  
1 63397U 25064A   26163.73308458 -.00000092  00000+0  00000+0 0  9991
2 63397   1.0861  81.4768 0003394 289.3663 314.7352  1.00271423  4342
TJS-17                  
1 63524U 25073A   26163.73253493 -.00000056  00000+0  00000+0 0  9991
2 63524   1.0520  82.7274 0002125 296.3314 310.2407  1.00271871  4242
TIANLIAN 2-05           
1 63662U 25084A   26164.12433728  .00000140  00000+0  00000+0 0  9994
2 63662   4.4621 279.8828 0003193 145.8571 260.8399  1.00269219  4341
TJS-19                  
1 63924U 25097A   26163.73444269 -.00000263  00000+0  00000+0 0  9994
2 63924   3.2944 317.3628 0002268 240.2590 109.0600  1.00267139  4096
CHINASAT 3B             
1 64062U 25106A   26163.83655961 -.00000031  00000+0  00000+0 0  9996
2 64062   0.0378 119.0144 0002840   2.9728 247.6578  1.00271191  4016
SXM-10                  
1 64290U 25122A   26163.66945008 -.00000003  00000+0  00000+0 0  9991
2 64290   0.0190  24.3758 0001626 341.0707  20.3808  1.00273166  3638
COSMOS 2589             
1 64467U 25131A   26163.71196127 -.00000277  00000+0  00000+0 0  9996
2 64467   0.0483  81.2647 0000975  60.2039 113.8659  1.00275647  3517
CHINASAT 9C             
1 64470U 25132A   26164.06728045 -.00000234  00000+0  00000+0 0  9993
2 64470   0.0150 295.6407 0002572 145.1489 297.0323  1.00270231  4107
MTG-S1                  
1 64723U 25143A   26164.26221843 -.00000019  00000+0  00000+0 0  9993
2 64723   0.6069 338.0428 0000969  13.5818   0.8796  1.00271663  3383
DROR 1                  
1 64784U 25148A   26164.26204509 -.00000022  00000+0  00000+0 0  9999
2 64784   0.0243  48.7266 0002566 339.9170 323.2672  1.00271633  3252
SHIYAN-29               
1 65486U 25196A   26160.07536391 -.00000259  00000+0  00000+0 0  9996
2 65486  28.8121  18.6391 0010972 171.7452 188.2752  1.00256520  2799
NUSANTARA LIMA (NUSANT*)
1 65588U 25205A   26164.09003091 -.00000344  00000+0  00000+0 0  9997
2 65588   0.0473 147.3321 0000067 279.1010 340.2484  1.00267074  2679
TJS-20                  
1 66142U 25238A   26163.99004921  .00000039  00000+0  00000+0 0  9991
2 66142   5.4795 299.5701 0004540 161.0271 219.5439  1.00273459  2292
CMS-03 (GSAT-7R)        
1 66311U 25249B   26164.06364044 -.00000064  00000+0  00000+0 0  9994
2 66311   0.0152 298.6308 0001548 139.8767 279.7796  1.00270860  2308
VIASAT-3 F2             
1 66454U 25261A   26163.60561808 -.00000219  00000+0  00000+0 0  9994
2 66454   0.0388 160.0568 0000231 183.0733  56.8437  1.00268614  2747
SHIJIAN-28 (SJ-28)      
1 66549U 25277A   26164.28602979 -.00000344  00000+0  00000+0 0  9995
2 66549   4.5489 272.1983 0000782 348.4538 220.7081  1.00264648  2111
TJS-22                  
1 66990U 25290A   26163.88740851  .00000008  00000+0  00000+0 0  9993
2 66990   1.5387 286.5017 0001917 331.0714  29.5663  1.00272913  1986
TJS-23                  
1 67226U 25306A   26163.61437710  .00000033  00000+0  00000+0 0  9990
2 67226   5.5981 297.5127 0005311 168.4891 191.6312  1.00274271  1843
FENGYUN 4C              
1 67246U 25312A   26164.28923647 -.00000311  00000+0  00000+0 0  9992
2 67246   0.0490 146.8619 0000607  53.5647 298.2995  1.00269501  1748
SHIJIAN-29A (SJ-29A)    
1 67302U 25315A   26164.13011318 -.00000056  00000+0  00000+0 0  9991
2 67302   3.3870  95.2091 0003112  25.3073 260.9870  1.00269521  1575
SHIJIAN-29B (SJ-29B)    
1 67403U 25315C   26163.99221589 -.00000056  00000+0  00000+0 0  9999
2 67403   3.3854  95.2048 0003687  32.1876 204.3759  1.00269412  1640
ELEKTRO-L 5             
1 67756U 26028A   26164.06277987 -.00000084  00000+0  00000+0 0  9995
2 67756   0.2589 310.0950 0001727 180.7954 229.1334  1.00271169  1211
JAM-E JAM 1             
1 67757U 26028B   26164.12702396  .00000169  00000+0  00000+0 0  9993
2 67757   0.2692 301.0704 0001171 299.4545 100.5651  1.00273483  1081
ECHOSTAR 25             
1 68126U 26045A   26163.88465395 -.00000043  00000+0  00000+0 0  9992
2 68126   0.0133 356.8952 0001380  94.2684  18.5206  1.00270134   959
