IRIDIUM 106             
1 41917U 17003A   26164.25821990  .00000009  00000+0 -37842-5 0  9996
2 41917  86.3962  90.1986 0001783  83.1177 277.0222 14.34217537492641
IRIDIUM 103             
1 41918U 17003B   26164.24553577  .00000065  00000+0  16216-4 0  9991
2 41918  86.3961  90.1037 0002363  78.4931 281.6530 14.34217617492662
IRIDIUM 109             
1 41919U 17003C   26164.25187829  .00000003  00000+0 -59946-5 0  9997
2 41919  86.3962  90.1605 0002178  82.9575 277.1869 14.34217505492631
IRIDIUM 102             
1 41920U 17003D   26164.22016543  .00000035  00000+0  53340-5 0  9996
2 41920  86.3961  90.0972 0002229  85.8775 274.2676 14.34217659492712
IRIDIUM 105             
1 41921U 17003E   26164.24853345  .00000143  00000+0  44034-4 0  9997
2 41921  86.3969  58.5170 0002524  84.0170 276.1313 14.34218303494570
IRIDIUM 104             
1 41922U 17003F   26164.30261941  .00000067  00000+0  16898-4 0  9992
2 41922  86.3963  90.1054 0002498  81.8790 278.2689 14.34217889492712
IRIDIUM 114             
1 41923U 17003G   26164.23919334  .00000018  00000+0 -64276-6 0  9993
2 41923  86.3961  90.1152 0002255  81.0865 279.0586 14.34217538492688
IRIDIUM 108             
1 41924U 17003H   26164.19771435  .00000068  00000+0  17306-4 0  9991
2 41924  86.3964  58.4286 0002252  86.9052 273.2402 14.34217798494533
IRIDIUM 112             
1 41925U 17003J   26164.29627631  .00000059  00000+0  14109-4 0  9999
2 41925  86.3959  89.9335 0002346  84.4032 275.7431 14.34217651492712
IRIDIUM 111             
1 41926U 17003K   26164.21383038  .00000154  00000+0  48054-4 0  9994
2 41926  86.3961  90.0384 0002258  82.1988 277.9464 14.34216050492688
IRIDIUM 113             
1 42803U 17039A   26164.19378729  .00000037  00000+0  60618-5 0  9997
2 42803  86.3967 323.8484 0002297  89.3113 270.8346 14.34217715470618
IRIDIUM 123             
1 42804U 17039B   26164.23526474  .00000011  00000+0 -30538-5 0  9996
2 42804  86.3968 355.2896 0001934  84.4883 275.6534 14.34216946469382
IRIDIUM 120             
1 42805U 17039C   26164.18743888  .00000221  00000+0  71945-4 0  9999
2 42805  86.3955 323.6340 0002004  94.2008 265.9417 14.34214961470603
IRIDIUM 115             
1 42806U 17039D   26164.16671153  .00000205  00000+0  55025-4 0  9996
2 42806  86.4492 323.7709 0001995  88.2751 271.8678 14.43281757473680
IRIDIUM 118             
1 42807U 17039E   26164.26697822  .00000105  00000+0  30471-4 0  9996
2 42807  86.3971 355.2745 0002201  88.5430 271.6018 14.34218067469382
IRIDIUM 117             
1 42808U 17039F   26164.28600586  .00000080  00000+0  21417-4 0  9992
2 42808  86.3970 355.2242 0002131  86.1968 273.9471 14.34218126469414
IRIDIUM 126             
1 42809U 17039G   26164.24160790  .00000009  00000+0 -36899-5 0  9990
2 42809  86.3967 355.2937 0002121  85.6004 274.5434 14.34217242469386
IRIDIUM 124             
1 42810U 17039H   26164.30852561  .00000278  00000+0  76666-4 0  9995
2 42810  86.4479 291.9808 0002173  92.7324 267.4126 14.43280201474550
IRIDIUM 128             
1 42811U 17039J   26164.09280914  .00000055  00000+0  12570-4 0  9996
2 42811  86.3971  26.8623 0001986  86.6208 273.5215 14.34217823469394
IRIDIUM 121             
1 42812U 17039K   26164.26063583  .00000179  00000+0  56875-4 0  9990
2 42812  86.3971 355.3135 0002121  90.6499 269.4940 14.34218013469269
IRIDIUM 133             
1 42955U 17061A   26164.12451989  .00000093  00000+0  26246-4 0  9993
2 42955  86.3973  26.9667 0002109  85.8450 274.2987 14.34217340454192
IRIDIUM 100             
1 42956U 17061B   26164.11817683  .00000187  00000+0  59589-4 0  9990
2 42956  86.3970  26.8881 0002179  86.9125 273.2320 14.34216728454194
IRIDIUM 122             
1 42957U 17061C   26164.08646689 -.00000028  00000+0 -17121-4 0  9995
2 42957  86.3966  26.9013 0002097  83.7938 276.3496 14.34217256454199
IRIDIUM 129             
1 42958U 17061D   26164.11183762  .00000110  00000+0  32128-4 0  9992
2 42958  86.3972  26.9582 0002443  87.0922 273.0553 14.34217839454211
IRIDIUM 119             
1 42959U 17061E   26164.08012423  .00000055  00000+0  12719-4 0  9996
2 42959  86.3972  26.9671 0002251  83.9054 276.2399 14.34217861454228
IRIDIUM 107             
1 42960U 17061F   26164.16892001 -.00000006  00000+0 -92482-5 0  9999
2 42960  86.3968  26.9509 0001857  80.8032 279.3373 14.34217268454247
IRIDIUM 132             
1 42961U 17061G   26164.17526305  .00000049  00000+0  10538-4 0  9998
2 42961  86.3972  26.9280 0002207  85.0820 275.0628 14.34217324454240
IRIDIUM 136             
1 42962U 17061H   26164.13721995  .00000208  00000+0  67361-4 0  9990
2 42962  86.3980  26.9505 0002496  91.3202 268.8279 14.34214964454254
IRIDIUM 139             
1 42963U 17061J   26164.14355008  .00000061  00000+0  14571-4 0  9992
2 42963  86.3973  27.0097 0002063  86.8151 273.3280 14.34217713454266
IRIDIUM 125             
1 42964U 17061K   26164.13086492  .00000071  00000+0  18140-4 0  9997
2 42964  86.3976  27.0760 0002332  74.2025 285.9428 14.34217949454272
IRIDIUM 135             
1 43070U 17083A   26164.17475884  .00000005  00000+0 -51262-5 0  9992
2 43070  86.3958 323.6934 0002065  91.5366 268.6066 14.34217539443574
IRIDIUM 138             
1 43071U 17083B   26164.20012845  .00000127  00000+0  38448-4 0  9995
2 43071  86.3975 323.3776 0002358  87.1984 272.9482 14.34218717443565
IRIDIUM 116             
1 43072U 17083C   26164.16841591  .00000065  00000+0  16115-4 0  9997
2 43072  86.3960 323.6819 0001914  96.8694 263.2720 14.34217888443592
IRIDIUM 130             
1 43073U 17083D   26163.92739723 -.00000064  00000+0 -30029-4 0  9995
2 43073  86.3966 324.0577 0001835  89.9601 270.1805 14.34217074443507
IRIDIUM 151             
1 43074U 17083E   26164.18110159  .00000020  00000+0  65980-7 0  9998
2 43074  86.3962 323.7343 0002132  92.7205 267.4235 14.34217594443563
IRIDIUM 134             
1 43075U 17083F   26164.14938833  .00000029  00000+0  32563-5 0  9990
2 43075  86.3964 323.7555 0002097  90.2948 269.8488 14.34217814443525
IRIDIUM 137             
1 43076U 17083G   26164.16207358  .00000056  00000+0  13004-4 0  9992
2 43076  86.3965 323.8429 0002142 103.6992 256.4443 14.34217834443599
IRIDIUM 141             
1 43077U 17083H   26164.15573131  .00000014  00000+0 -20552-5 0  9999
2 43077  86.3960 323.6764 0002206  90.8416 269.3033 14.34217631443597
IRIDIUM 153             
1 43078U 17083J   26163.89860468  .00000010  00000+0 -35019-5 0  9992
2 43078  86.3954 292.2643 0002171  90.1907 269.9538 14.34217538444668
IRIDIUM 131             
1 43079U 17083K   26164.14304604  .00000068  00000+0  17133-4 0  9995
2 43079  86.3967 323.8675 0002221  91.8294 268.3156 14.34217920443520
IRIDIUM 144             
1 43249U 18030A   26164.11425193  .00000051  00000+0  11239-4 0  9994
2 43249  86.3956 292.1031 0002080  95.8910 264.2523 14.34217929429552
IRIDIUM 149             
1 43250U 18030B   26164.05082652  .00000014  00000+0 -21148-5 0  9999
2 43250  86.3952 292.0965 0002241  93.0514 267.0938 14.34217726429561
IRIDIUM 157             
1 43251U 18030C   26164.27915983  .00000017  00000+0 -91113-6 0  9999
2 43251  86.3956 292.0543 0002196  94.0177 266.1270 14.34217753429573
IRIDIUM 140             
1 43252U 18030D   26163.87957646  .00000004  00000+0 -55633-5 0  9999
2 43252  86.3955 292.2340 0002122  93.0363 267.1075 14.34217603429573
IRIDIUM 145             
1 43253U 18030E   26164.28550177  .00000077  00000+0  20573-4 0  9997
2 43253  86.3955 292.0365 0001934  99.6739 260.4676 14.34217593429568
IRIDIUM 146             
1 43254U 18030F   26164.26647480 -.00000004  00000+0 -85881-5 0  9996
2 43254  86.3954 292.0569 0001985  96.3865 263.7557 14.34217424429572
IRIDIUM 148             
1 43255U 18030G   26163.88591967  .00000012  00000+0 -29190-5 0  9991
2 43255  86.3956 292.2589 0002220  96.7960 263.3488 14.34217445429552
IRIDIUM 142             
1 43256U 18030H   26164.27281666  .00000234  00000+0  76326-4 0  9995
2 43256  86.3953 291.9862 0002048  97.5368 262.6060 14.34217917429573
IRIDIUM 150             
1 43257U 18030J   26164.31087300 -.00000009  00000+0 -10318-4 0  9991
2 43257  86.3954 292.0867 0002018  93.1059 267.0368 14.34217385429601
IRIDIUM 143             
1 43258U 18030K   26163.87323298  .00000209  00000+0  67564-4 0  9996
2 43258  86.3959 292.3619 0002068  95.4342 264.7090 14.34218715429479
IRIDIUM 161             
1 43478U 18047C   26164.21713922  .00000294  00000+0  81382-4 0  9992
2 43478  86.4483  90.1310 0002544  86.0669 274.0823 14.43280955424563
IRIDIUM 152             
1 43479U 18047D   26164.26456379  .00000017  00000+0 -85611-6 0  9993
2 43479  86.3957  89.9721 0002238  83.0868 277.0583 14.34217518421927
IRIDIUM 147             
1 43480U 18047E   26164.27090587  .00000013  00000+0 -25178-5 0  9998
2 43480  86.3959  89.9747 0002143  85.1325 275.0115 14.34217549421928
IRIDIUM 110             
1 43481U 18047F   26164.27724808  .00000085  00000+0  23326-4 0  9999
2 43481  86.3963  90.0638 0002581  84.0637 276.0853 14.34218397421917
IRIDIUM 162             
1 43482U 18047G   26164.21084595  .00000290  00000+0  80089-4 0  9993
2 43482  86.4481  90.0247 0002304  82.8052 277.3411 14.43279599424558
IRIDIUM 160             
1 43569U 18061A   26164.22308461  .00000022  00000+0  83017-6 0  9996
2 43569  86.3962  58.4547 0002165  85.7455 274.3988 14.34217556412808
IRIDIUM 166             
1 43570U 18061B   26164.24845463  .00000067  00000+0  16842-4 0  9997
2 43570  86.3965  58.3948 0002115  85.4053 274.7384 14.34217852412839
IRIDIUM 158             
1 43571U 18061C   26164.21674197  .00000028  00000+0  29839-5 0  9997
2 43571  86.3964  58.4180 0002224  81.8603 278.2845 14.34217481412794
IRIDIUM 165             
1 43572U 18061D   26164.24211027  .00000127  00000+0  38252-4 0  9998
2 43572  86.3966  58.4537 0002066  85.6367 274.5065 14.34217257412824
IRIDIUM 155             
1 43573U 18061E   26164.20405635  .00000001  00000+0 -67219-5 0  9993
2 43573  86.3958  58.3387 0002030  81.9223 278.2203 14.34217494412782
IRIDIUM 154             
1 43574U 18061F   26164.25479562  .00000232  00000+0  75886-4 0  9992
2 43574  86.3967  58.4511 0002104  86.9099 273.2337 14.34219107412844
IRIDIUM 163             
1 43575U 18061G   26164.23576273  .00000140  00000+0  42778-4 0  9990
2 43575  86.3963  58.3746 0002270  83.4543 276.6911 14.34216730412811
IRIDIUM 156             
1 43576U 18061H   26164.21039812  .00000244  00000+0  80089-4 0  9994
2 43576  86.3962  58.3923 0002089  81.4741 278.6691 14.34217792412809
IRIDIUM 164             
1 43577U 18061J   26164.26113979  .00000068  00000+0  17116-4 0  9992
2 43577  86.3966  58.4115 0002104  88.7566 271.3871 14.34217705412850
IRIDIUM 159             
1 43578U 18061K   26164.22942663  .00000170  00000+0  53469-4 0  9994
2 43578  86.3962  58.3616 0002289  84.0317 276.1140 14.34217957412816
IRIDIUM 180             
1 43922U 19002A   26164.22892281 -.00000020  00000+0 -14259-4 0  9993
2 43922  86.3967 355.2526 0002153  89.0634 271.0809 14.34217347388428
IRIDIUM 176             
1 43923U 19002B   26164.14887224  .00000728  00000+0  11159-3 0  9994
2 43923  86.6091 355.2303 0002245  91.8930 268.2544 14.72262149398657
IRIDIUM 168             
1 43924U 19002C   26164.08304311  .00000065  00000+0  16266-4 0  9998
2 43924  86.3973 355.3909 0002163  88.9780 271.1663 14.34218055388385
IRIDIUM 173             
1 43925U 19002D   26164.27966412  .00000035  00000+0  53224-5 0  9999
2 43925  86.3969 355.1975 0002232  86.9230 273.2221 14.34217242388398
IRIDIUM 169             
1 43926U 19002E   26164.14845320  .00000261  00000+0  78886-4 0  9991
2 43926  86.4228  26.8821 0002005  71.3084 288.8332 14.38607239389640
IRIDIUM 172             
1 43927U 19002F   26164.27332029  .00000122  00000+0  36591-4 0  9996
2 43927  86.3969 355.2083 0002254  89.1819 270.9635 14.34217280388400
IRIDIUM 175             
1 43928U 19002G   26163.90900238  .00000280  00000+0  76691-4 0  9999
2 43928  86.4509 292.3095 0001931 194.4768 165.6378 14.43610515398368
IRIDIUM 171             
1 43929U 19002H   26164.04498696 -.00000201  00000+0 -78829-4 0  9996
2 43929  86.3975 355.6095 0001906  87.6098 272.5316 14.34216604388369
IRIDIUM 170             
1 43930U 19002J   26164.29098871  .00000728  00000+0  11150-3 0  9991
2 43930  86.6091 355.1733 0002359  88.5108 271.6379 14.72262785398680
IRIDIUM 167             
1 43931U 19002K   26164.24794994  .00000033  00000+0  47875-5 0  9990
2 43931  86.3970 355.2411 0001860  88.9355 271.2054 14.34217758388393
IRIDIUM 181             
1 56726U 23068S   26164.22401006  .00000289  00000+0  79931-4 0  9990
2 56726  86.4501  58.4473 0002341  89.4429 270.7040 14.43312669161860
IRIDIUM 177             
1 56727U 23068T   26164.19887398  .00001021  00000+0  13086-3 0  9992
2 56727  86.1959 330.6861 0002402  87.4263 272.7233 14.80223389165774
IRIDIUM 174             
1 56728U 23068U   26164.27864235  .00000743  00000+0  11392-3 0  9995
2 56728  86.6098 355.3255 0002514  84.5437 275.6067 14.72258946165449
IRIDIUM 178             
1 56729U 23068V   26164.18800563  .00000916  00000+0  11716-3 0  9992
2 56729  86.6541  27.0317 0002666  86.9472 273.2054 14.80227461165771
IRIDIUM 179             
1 56730U 23068W   26164.11500941  .00000904  00000+0  11548-3 0  9994
2 56730  86.6785  36.0309 0002442  90.3938 269.7564 14.80231413165769
