IRNSS-1A                
1 39199U 13034A   26160.59779131  .00000070  00000+0  00000+0 0  9994
2 39199  35.7049  63.9797 0017411 184.2474 279.8453  1.00272948 47299
IRNSS-1B                
1 39635U 14017A   26163.77489382  .00000132  00000+0  00000+0 0  9999
2 39635  28.9293 240.4792 0022996 189.7965 164.8784  1.00274964 44742
IRNSS-1C                
1 40269U 14061A   26163.85149780 -.00000152  00000+0  00000+0 0  9990
2 40269   6.5073  89.0124 0022715   1.9196 199.7837  1.00270018 42640
IRNSS-1E                
1 41241U 16003A   26163.64327530 -.00000313  00000+0  00000+0 0  9996
2 41241  33.2248  59.8162 0017963 179.0965   5.2620  1.00267194 38039
IRNSS-1G                
1 41469U 16027A   26164.28854314 -.00000325  00000+0  00000+0 0  9993
2 41469   5.1885  97.5629 0007521 354.0478  43.4155  1.00268008 37149
IRNSS-1I                
1 43286U 18035A   26163.84582741  .00000073  00000+0  00000+0 0  9995
2 43286  28.7444  74.2643 0017867 181.7241   4.5323  1.00271122 30032
NVS-01 (IRNSS-1J)       
1 56759U 23076A   26164.28854314 -.00000321  00000+0  00000+0 0  9999
2 56759   2.1758 244.5341 0003174  37.0395 213.4371  1.00266550 11077
