ZHUQUE-2E R/B           
1 69095U 26105A   26164.17536919  .00144012 -62417-6  35182-3 0  9994
2 69095  88.9700 194.8147 0450993 313.7527  42.7192 15.16363761  4542
2026-106A               
1 69097U 26106A   26164.23987718  .00007298  00000+0  43782-3 0  9992
2 69097  97.5100 246.3950 0014604 174.6198 185.5192 15.11149490  4386
2026-106B               
1 69098U 26106B   26164.25368640  .00004627  00000+0  29073-3 0  9992
2 69098  97.5079 246.3706 0015046 170.4909 189.6608 15.09647210  4383
2026-106C               
1 69099U 26106C   26164.23910438  .00007370  00000+0  44158-3 0  9998
2 69099  97.5103 246.3973 0014408 175.4033 184.7332 15.11191993  4387
2026-106D               
1 69100U 26106D   26164.23676981  .00001560  00000+0  96372-4 0  9994
2 69100  97.5075 246.3919 0014084 177.4110 182.7196 15.11264521  4380
2026-106E               
1 69101U 26106E   26164.23161563  .00006062  00000+0  36108-3 0  9992
2 69101  97.5084 246.3992 0016559 178.7261 181.4014 15.11449365  4388
LIJIAN-1 R/B            
1 69102U 26106F   26164.24898034  .00041377  26782-5  34826-3 0  9998
2 69102  97.5046 248.2335 0172206 268.7543  89.3977 15.53159400  4506
DRAGON CRS-34           
1 69103U 26107A   26164.12566316  .00008200  00000+0  15573-3 0  9997
2 69103  51.6335 320.1950 0004891 179.6545 180.4447 15.49201403570765
QIANFAN-145             
1 69104U 26108A   26163.97062110 -.01968653  00000+0 -12915+1 0  9998
2 69104  89.0102  22.6918 0013934 130.1457 230.0949 14.05987542  3747
QIANFAN-146             
1 69105U 26108B   26163.94827521 -.01767176  00000+0 -10461+1 0  9992
2 69105  89.0108  22.6703 0021935 125.3005 235.0237 14.11802528  3754
QIANFAN-147             
1 69106U 26108C   26163.95197562 -.01793424  00000+0 -11693+1 0  9992
2 69106  89.0109  22.6889 0013671 123.1850 237.0646 14.06622497  3747
QIANFAN-148             
1 69107U 26108D   26163.94558826 -.01889218  00000+0 -12176+1 0  9990
2 69107  89.0107  22.6876 0016213 127.1290 233.1377 14.06795030  3741
QIANFAN-149             
1 69108U 26108E   26163.94334854 -.01968863  00000+0 -12891+1 0  9992
2 69108  89.0107  22.6871 0015349 133.4018 226.8445 14.06086000  3749
QIANFAN-150             
1 69109U 26108F   26163.93129592 -.02146425  00000+0 -13446+1 0  9993
2 69109  89.0105  22.6882 0019841 107.5667 252.7686 14.08857959  3749
QIANFAN-151             
1 69110U 26108G   26163.99690409 -.02093185  00000+0 -13260+1 0  9999
2 69110  89.0103  22.6784 0020046 113.8988 246.4298 14.08126768  3752
QIANFAN-152             
1 69111U 26108H   26163.98731116 -.02079803  00000+0 -12864+1 0  9990
2 69111  89.0105  22.6765 0020473 108.8650 251.4757 14.09413231  3759
QIANFAN-153             
1 69112U 26108J   26163.98248933 -.02100444  00000+0 -13152+1 0  9998
2 69112  89.0100  22.6749 0020861 111.2260 249.1155 14.08778899  3752
QIANFAN-154             
1 69113U 26108K   26163.97500134 -.02146651  00000+0 -13150+1 0  9990
2 69113  89.0110  22.6748 0018666 100.7153 259.6134 14.10101285  3752
QIANFAN-155             
1 69114U 26108L   26163.97851563 -.01926425  00000+0 -12149+1 0  9997
2 69114  89.0108  22.6755 0019287 121.5570 238.7500 14.08040542  3752
QIANFAN-156             
1 69115U 26108M   26163.96413537 -.01951408  00000+0 -11885+1 0  9997
2 69115  89.0116  22.6746 0021312 111.6361 248.7096 14.09991528  3753
QIANFAN-157             
1 69116U 26108N   26164.00410581 -.01979358  00000+0 -11700+1 0  9990
2 69116  89.0104  22.6610 0021095 120.0487 240.2794 14.11688735  3761
QIANFAN-158             
1 69117U 26108P   26163.95487432 -.01993759  00000+0 -12059+1 0  9992
2 69117  89.0108  22.6713 0018921 109.6457 250.6772 14.10483230  3756
QIANFAN-159             
1 69118U 26108Q   26163.94709349 -.01862284  00000+0 -10966+1 0  9999
2 69118  89.0103  22.6692 0021403 121.5510 238.7769 14.11655025  3757
QIANFAN-160             
1 69119U 26108R   26163.94462367 -.02091966  00000+0 -12234+1 0  9998
2 69119  89.0107  22.6693 0015572 116.1921 244.0868 14.12554805  3754
QIANFAN-161             
1 69120U 26108S   26164.00676544 -.01899044  00000+0 -10983+1 0  9993
2 69120  89.0111  22.6615 0019349 125.5476 234.7518 14.12731874  3762
QIANFAN-162             
1 69121U 26108T   26164.07524993  .00000084  00000+0  34282-4 0  9998
2 69121  89.0114  22.6524 0016153 127.0663 233.2005 14.17313030  3771
CZ-8 R/B                
1 69122U 26108U   26164.21569402  .00000165  00000+0  47018-4 0  9990
2 69122  89.0110  22.5606 0068220  33.4639 327.0844 14.39193599  3833
SMILE                   
1 69123U 26109A   26144.65318427 -.00001976  00000+0 -42379-3 0  9994
2 69123  70.0007 229.2745 0009123 259.5159 100.4951 14.57062785   802
STARLINK-37726          
1 69124U 26110A   26164.29307013  .00028939  00000+0  53139-3 0  9990
2 69124  97.2841   0.4756 0001393  88.7001 271.4410 15.49210876  4991
STARLINK-37722          
1 69125U 26110B   26164.28965757  .00023538  00000+0  43298-3 0  9990
2 69125  97.2833   0.6332 0001346  84.4906 275.6499 15.49200673  5000
STARLINK-37715          
1 69126U 26110C   26164.25002315 -.03103957  00000+0 -94964-1 0  9993
2 69126  97.2843   0.6660 0002424  97.0022 212.1723 15.37923552  5026
STARLINK-37706          
1 69127U 26110D   26164.25002315 -.03044380  00000+0 -92027-1 0  9996
2 69127  97.2836   0.6725 0002063 116.0178 207.2302 15.38212474  5027
STARLINK-37723          
1 69128U 26110E   26164.25002315 -.02426678  00000+0 -72769-1 0  9991
2 69128  97.2846   0.6870 0001926 102.4304 235.0870 15.38200045  5027
STARLINK-37720          
1 69129U 26110F   26164.28428841  .00023834  00000+0  43831-3 0  9994
2 69129  97.2844   0.4866 0001749  90.4261 269.7191 15.49205038  4994
STARLINK-37533          
1 69130U 26110G   26164.25002315 -.02404058  00000+0 -69595-1 0  9995
2 69130  97.2832   0.7045 0001829 100.9570 277.9763 15.39237939  5029
STARLINK-37530          
1 69131U 26110H   26164.25002315 -.02443882  00000+0 -70139-1 0  9990
2 69131  97.2836   0.7113 0001579  96.1207 296.6213 15.39565007  5023
STARLINK-37660          
1 69132U 26110J   26164.25002315  .00009895  00000+0  18348-3 0  9995
2 69132  97.2840   0.6294 0000894  85.6180 137.9120 15.49171446  5025
STARLINK-37633          
1 69133U 26110K   26164.25002315  .00007655  00000+0  14232-3 0  9996
2 69133  97.2838   0.6427 0001159 104.4812 150.0290 15.49177442  5024
STARLINK-37361          
1 69134U 26110L   26164.25002315 -.02469178  00000+0 -68506-1 0  9994
2 69134  97.2837   0.7288 0001483  84.0579 349.1547 15.40627142  5027
STARLINK-37372          
1 69135U 26110M   26164.26553165  .00023831  00000+0  43827-3 0  9999
2 69135  97.2834   0.6667 0001190  86.2380 273.9008 15.49204817  5007
STARLINK-37531          
1 69136U 26110N   26164.25002315 -.02715525  00000+0 -62729-1 0  9997
2 69136  97.2835   0.7154 0002173  66.4439 359.7523 15.46395675  5025
STARLINK-37662          
1 69137U 26110P   26164.25002315  .00014335  00000+0  26488-3 0  9999
2 69137  97.2837   0.6532 0001633  80.5685 194.9951 15.49175550  5022
STARLINK-37658          
1 69138U 26110Q   26164.23230374  .00026352  00000+0  48442-3 0  9992
2 69138  97.2834   0.5583 0001060 131.9385 228.1957 15.49197890  4999
STARLINK-37659          
1 69139U 26110R   26164.23999782  .00030708  00000+0  56388-3 0  9996
2 69139  97.2840   0.5484 0001553 137.9322 222.2048 15.49198541  4991
STARLINK-37653          
1 69140U 26110S   26164.24246235  .00032632  00000+0  59889-3 0  9994
2 69140  97.2842   0.5449 0001544 154.6084 205.5243 15.49202035  4992
STARLINK-37654          
1 69141U 26110T   26164.26349238  .00043847  00000+0  80251-3 0  9991
2 69141  97.2834   0.6690 0001497  90.1036 270.0387 15.49219750  5002
STARLINK-37655          
1 69142U 26110U   26164.25002315  .00029176  00000+0  53560-3 0  9995
2 69142  97.2839   0.7047 0000950  62.3525 334.0194 15.49217391  5020
STARLINK-37636          
1 69143U 26110V   26164.25002315 -.02495155  00000+0 -62296-1 0  9998
2 69143  97.2848   0.7740 0002059  71.3575 118.8690 15.43798294  5027
STARLINK-37638          
1 69144U 26110W   26164.25002315 -.02534975  00000+0 -63004-1 0  9991
2 69144  97.2839   0.7800 0002057  81.5177 122.8591 15.43992192  5022
STARLINK-37657          
1 69145U 26110X   26164.26370615  .00030019  00000+0  55113-3 0  9994
2 69145  97.2834   0.6694 0001550  89.0356 271.1073 15.49207884  5001
STARLINK-37639          
1 69146U 26110Y   26164.25002315 -.02501431  00000+0 -60193-1 0  9990
2 69146  97.2842   0.7906 0002284  81.9309 145.6355 15.44885574  5070
STARLINK-37661          
1 69147U 26110Z   26164.28515401  .00040777  00000+0  74753-3 0  9995
2 69147  97.2840   0.6393 0001340  90.7186 269.4219 15.49189402  5000
STARLINK-37395          
1 69148U 26111A   26164.25002315 -.01119803  00000+0 -92137-2 0  9994
2 69148  53.1592 171.4372 0001072  84.9574  39.2228 15.72469228  4913
STARLINK-37346          
1 69149U 26111B   26164.25002315 -.02518299  00000+0 -36312-1 0  9990
2 69149  53.1586 171.7072 0000893  97.0497 254.4975 15.59194127  4914
STARLINK-37332          
1 69150U 26111C   26164.25002315 -.00989233  00000+0 -19024-1 0  9991
2 69150  53.1591 171.9693 0001475  62.1281 159.9164 15.49950938  4912
STARLINK-37297          
1 69151U 26111D   26164.25002315 -.01991827  00000+0 -14454-1 0  9997
2 69151  53.1589 171.4046 0001217  86.4715  53.5025 15.76141428  4913
STARLINK-37317          
1 69152U 26111E   26164.28438108 -.00195681  00000+0 -10204-2 0  9997
2 69152  53.1570 171.1832 0002254 125.7752 234.3481 15.80655575  3646
STARLINK-37374          
1 69153U 26111F   26164.25002315  .00011717  00000+0  21855-3 0  9992
2 69153  53.1596 172.1453 0000958 112.2676  22.3731 15.49291106  4915
STARLINK-37235          
1 69154U 26111G   26164.25002315  .00009291  00000+0  17496-3 0  9993
2 69154  53.1583 172.3880 0000984  85.2594 290.0643 15.49299171  4911
STARLINK-37329          
1 69155U 26111H   26164.28482512  .00013266  00000+0  70853-4 0  9992
2 69155  53.1571 171.1862 0001489 123.4134 236.7031 15.80810229  3647
STARLINK-37345          
1 69156U 26111J   26164.21995452  .00903161  00000+0  39139-2 0  9990
2 69156  53.1572 171.4921 0003143 279.3190  80.7478 15.81991100  3630
STARLINK-37353          
1 69157U 26111K   26164.28316132  .00316100  00000+0  15401-2 0  9997
2 69157  53.1573 171.1748 0001147  95.2430 264.8724 15.80971582  3641
STARLINK-37363          
1 69158U 26111L   26164.28095207 -.00396843  00000+0 -20812-2 0  9991
2 69158  53.1562 171.1585 0000250  69.1877 290.9172 15.81077478  3647
STARLINK-37343          
1 69159U 26111M   26164.25002315  .00011174  00000+0  20877-3 0  9998
2 69159  53.1595 172.1461 0000756 105.4188  28.4451 15.49294953  4916
STARLINK-37328          
1 69160U 26111N   26163.90162882  .00081162  00000+0  41056-3 0  9993
2 69160  53.1571 173.0599 0000811 108.8251 251.2860 15.80890549  3584
STARLINK-37311          
1 69161U 26111P   26164.29183088  .00223651  00000+0  12550-2 0  9995
2 69161  53.1574 171.2323 0001326  95.4591 264.6582 15.78116663  3644
STARLINK-36286          
1 69162U 26111Q   26163.65766931 -.00390918  00000+0 -23897-2 0  9998
2 69162  53.1571 174.3873 0000815 172.6788 187.4246 15.77702201  3540
STARLINK-37196          
1 69163U 26111R   26164.29369491  .00188703  00000+0  10650-2 0  9998
2 69163  53.1573 171.2435 0001454  97.9219 262.1967 15.78093110  3646
STARLINK-36288          
1 69164U 26111S   26164.10322710  .00127048  00000+0  78098-3 0  9998
2 69164  53.1579 172.1885 0007019   3.9194 356.1880 15.76340260  3618
STARLINK-37445          
1 69165U 26111T   26163.33993560 -.00030174  00000+0 -17173-3 0  9992
2 69165  53.1576 175.9593 0003125  39.8044 320.3206 15.77891462  3496
STARLINK-37491          
1 69166U 26111U   26164.22876232  .00308580  00000+0  17121-2 0  9997
2 69166  53.1572 171.5492 0001639  15.7925 344.3148 15.78126386  3636
STARLINK-37474          
1 69167U 26111V   26164.28953789  .00116943  00000+0  66790-3 0  9994
2 69167  53.1573 171.2157 0000994  85.9288 274.1847 15.78064101  3640
STARLINK-37469          
1 69168U 26111W   26164.25002315  .00009048  00000+0  17057-3 0  9991
2 69168  53.1584 172.3357 0000780 103.9604 295.7963 15.49306436  4910
STARLINK-37515          
1 69169U 26111X   26164.28793880 -.00691154  00000+0 -44323-2 0  9991
2 69169  53.1580 171.2060 0001631 125.2123 234.9051 15.77421449  3640
STARLINK-37437          
1 69170U 26111Y   26164.28362368  .00246780  00000+0  13804-2 0  9995
2 69170  53.1583 171.1765 0001517  97.1544 262.9650 15.78119735  3642
STARLINK-37392          
1 69171U 26111Z   26164.25002315 -.01737576  00000+0 -12420-1 0  9999
2 69171  53.1590 171.3217 0001367  92.1731  87.0547 15.76018347  4918
STARLINK-37472          
1 69172U 26111AA  26164.25002315 -.02582868  00000+0 -33389-1 0  9990
2 69172  53.1594 171.4467 0001317  74.3219  42.9086 15.62100903  4912
STARLINK-37461          
1 69173U 26111AB  26164.25002315  .00009676  00000+0  18189-3 0  9991
2 69173  53.1585 172.2432 0001257  98.6095 346.4606 15.49296519  4912
STARLINK-37333          
1 69174U 26111AC  26164.25002315 -.01102152  00000+0 -10233-1 0  9998
2 69174  53.1590 171.4343 0001309  71.2415  52.8086 15.69572007  4913
STARLINK-37385          
1 69175U 26111AD  26164.25002315  .00012442  00000+0  23149-3 0  9990
2 69175  53.1591 172.1560 0001071  81.5034  46.3819 15.49298264  4911
STARLINK-37414          
1 69176U 26111AE  26164.28176473  .08362499  00000+0  33253-1 0  9994
2 69176  53.1578 171.1619 0027222 203.6410 156.3364 15.81040579  3648
STRIX-7                 
1 69177U 26112A   26164.24681907  .00002704  00000+0  22293-3 0  9991
2 69177  44.9060 213.1451 0023545  24.6250 335.5740 15.01419786  3282
ELECTRON KICK STAGE R/B 
1 69178U 26112B   26164.23623312  .00003359  00000+0  26727-3 0  9990
2 69178  44.9058 213.0677 0024838  26.5173 333.6964 15.02159541  3288
SHENZHOU-23 (SZ-23)     
1 69180U 26113A   26164.20166782  .00021964  00000+0  26062-3 0  9998
2 69180  41.4695 346.2530 0007879  44.9431 315.2045 15.60638421292575
STARLINK-37380          
1 69182U 26114A   26164.22956938  .00164879  00000+0  93507-3 0  9994
2 69182  53.1585 222.2607 0001483  61.3034 298.8136 15.78058250  4146
STARLINK-37089          
1 69183U 26114B   26164.29196509  .00169165  00000+0  95942-3 0  9990
2 69183  53.1585 221.9381 0001462 110.7634 249.3544 15.78043564  4151
STARLINK-37428          
1 69184U 26114C   26164.22722857  .00230370  00000+0  12938-2 0  9995
2 69184  53.1588 222.2455 0001697  54.9012 305.2169 15.78078393  4142
STARLINK-37237          
1 69185U 26114D   26164.22447289  .00206649  00000+0  11658-2 0  9999
2 69185  53.1592 222.2263 0001339  85.0022 275.1153 15.78048653  4148
STARLINK-37365          
1 69186U 26114E   26164.22479058  .00115879  00000+0  66268-3 0  9991
2 69186  53.1592 222.2285 0001536  73.5650 286.5540 15.78038594  4140
STARLINK-37209          
1 69187U 26114F   26164.22401684  .00190037  00000+0  10744-2 0  9998
2 69187  53.1591 222.2234 0001763  45.1260 314.9904 15.78049702  4141
STARLINK-37359          
1 69188U 26114G   26164.22357673  .00117978  00000+0  67446-3 0  9992
2 69188  53.1592 222.2206 0001442  66.9132 293.2042 15.78038174  4148
STARLINK-37440          
1 69189U 26114H   26164.30558566  .00236542  00000+0  11692-2 0  9996
2 69189  53.1586 221.2876 0001207  85.5678 274.5483 15.80876610  4166
STARLINK-37282          
1 69190U 26114J   26164.21712299  .00128622  00000+0  73401-3 0  9999
2 69190  53.1594 222.1766 0001333  81.8837 278.2336 15.78039633  4140
STARLINK-37422          
1 69191U 26114K   26163.89031277  .00305735  00000+0  14911-2 0  9995
2 69191  53.1582 223.6899 0001914  54.0890 306.0310 15.80978429  4091
STARLINK-37424          
1 69192U 26114L   26164.21723229  .00234319  00000+0  13154-2 0  9995
2 69192  53.1589 222.1782 0001473  54.8435 305.2725 15.78076845  4142
STARLINK-36666          
1 69193U 26114M   26163.89053221  .00177191  00000+0  88051-3 0  9990
2 69193  53.1581 223.6918 0001089  97.7133 262.4014 15.80933805  4096
STARLINK-37355          
1 69194U 26114N   26164.26909913  .00254507  00000+0  12502-2 0  9995
2 69194  53.1579 221.7874 0001659 119.4624 240.6565 15.80961693  4156
STARLINK-37166          
1 69195U 26114P   26164.26760654  .00445750  00000+0  21365-2 0  9992
2 69195  53.1577 221.7749 0001719 122.1537 237.9653 15.80984135  4150
STARLINK-36933          
1 69196U 26114Q   26164.26835807  .00219947  00000+0  10879-2 0  9991
2 69196  53.1581 221.7813 0001481  95.9320 264.1872 15.80910297  4154
STARLINK-37419          
1 69197U 26114R   26164.20363067  .00463693  00000+0  22224-2 0  9996
2 69197  53.1577 222.0875 0001529 174.7282 185.3757 15.80937192  4146
STARLINK-37321          
1 69198U 26114S   26164.26610480  .00203984  00000+0  10109-2 0  9991
2 69198  53.1580 221.7665 0001365 102.6036 257.5139 15.80913131  4153
STARLINK-37406          
1 69199U 26114T   26163.88603434  .00217358  00000+0  10738-2 0  9998
2 69199  53.1579 223.6612 0001873  59.9654 300.1555 15.80943945  4095
STARLINK-37761          
1 69200U 26114U   26164.20138694  .00152819  00000+0  76396-3 0  9992
2 69200  53.1579 222.0724 0001296  43.3911 316.7214 15.80878866  4147
STARLINK-37754          
1 69201U 26114V   26164.26366450  .00215132  00000+0  10652-2 0  9992
2 69201  53.1575 221.7484 0001295  67.8353 292.2807 15.80900398  4156
STARLINK-37649          
1 69202U 26114W   26163.63089999  .00237919  00000+0  11702-2 0  9997
2 69202  53.1582 224.9135 0001172  98.6377 261.4779 15.80981638  4056
STARLINK-37604          
1 69203U 26114X   26164.26235987  .00231843  00000+0  11456-2 0  9994
2 69203  53.1579 221.7402 0001850  50.2973 309.8213 15.80897969  4158
STARLINK-37669          
1 69204U 26114Y   26164.26160185  .00292696  00000+0  14311-2 0  9998
2 69204  53.1576 221.7350 0001927 118.0513 242.0705 15.80959666  4153
STARLINK-37691          
1 69205U 26114Z   26164.26908312  .00160532  00000+0  91023-3 0  9990
2 69205  53.1584 221.7841 0001351  86.3258 273.7918 15.78076765  4156
STARLINK-37671          
1 69206U 26114AA  26164.25002315 -.00049099  00000+0 -28013-3 0  9993
2 69206  53.1588 221.7944 0001449  58.5764 234.7338 15.78086810  4184
STARLINK-37647          
1 69207U 26114AB  26164.26085493  .00182276  00000+0  90684-3 0  9999
2 69207  53.1579 221.7293 0001130 104.5586 255.5563 15.80893055  4151
STARLINK-37562          
1 69208U 26114AC  26164.25002315  .00021914  00000+0  12975-3 0  9999
2 69208  53.1588 221.8178 0000924  95.2899 186.4232 15.78051363  4181
STARLINK-37682          
1 69209U 26114AD  26164.25785380  .00208909  00000+0  10356-2 0  9991
2 69209  53.1579 221.7078 0001402 130.6712 229.4433 15.80893877  4155
STARLINK-37402          
1 69210U 26114AE  26164.25710445  .00189484  00000+0  94162-3 0  9997
2 69210  53.1577 221.7034 0001164  99.6337 260.4817 15.80896515  4152
STARLINK-37613          
1 69211U 26115A   26164.25002315  .00000933  00000+0  18814-4 0  9991
2 69211  97.2836 181.3259 0001202  75.0334 241.7959 15.49181293  4062
STARLINK-37713          
1 69212U 26115B   26164.25002315 -.02599966  00000+0 -36838-1 0  9998
2 69212  97.2835 181.4340 0001516  91.0376 122.0475 15.60282252  4060
STARLINK-37716          
1 69213U 26115C   26164.25002315 -.02621989  00000+0 -30623-1 0  9996
2 69213  97.2833 181.4719 0001369 102.6410 197.5270 15.65231166  4066
STARLINK-37620          
1 69214U 26115D   26164.25002315 -.00001929  00000+0 -33823-4 0  9999
2 69214  97.2838 181.2913 0000640  40.8039 196.5831 15.49183679  4066
STARLINK-37700          
1 69215U 26115E   26164.31004479  .00065575  00000+0  11969-2 0  9990
2 69215  97.2837 181.2634 0001417  92.2954 267.8459 15.49199346  4051
STARLINK-37766          
1 69216U 26115F   26164.25002315 -.02597212  00000+0 -25251-1 0  9991
2 69216  97.2836 181.4915 0001211  96.2938 251.5913 15.69678978  4064
STARLINK-37763          
1 69217U 26115G   26164.25002315 -.02633384  00000+0 -31880-1 0  9998
2 69217  97.2838 181.4665 0001522 106.9280 183.2464 15.64349548  4068
STARLINK-37724          
1 69218U 26115H   26164.25002315 -.02599685  00000+0 -21068-1 0  9991
2 69218  97.2834 181.5114 0001356  78.1051 312.6492 15.73963442  4060
STARLINK-37758          
1 69219U 26115J   26164.25002315 -.02468951  00000+0 -20420-1 0  9994
2 69219  97.2837 181.5179 0001341  78.5555 329.6907 15.73916114  4065
STARLINK-37201          
1 69220U 26115K   26164.25002315 -.02612471  00000+0 -21030-1 0  9992
2 69220  97.2835 181.5165 0001295  77.1735 325.6085 15.74136246  4067
STARLINK-37728          
1 69221U 26115L   26164.25002315 -.02626682  00000+0 -22742-1 0  9993
2 69221  97.2835 181.5178 0001404  72.0785 334.6155 15.72464005  4066
STARLINK-37760          
1 69222U 26115M   26164.25002315 -.02629291  00000+0 -19704-1 0  9997
2 69222  97.2834 181.5180 0001318  77.0469 330.2772 15.75793624  4069
STARLINK-37759          
1 69223U 26115N   26164.25002315 -.02547358  00000+0 -33662-1 0  9990
2 69223  97.2835 181.4782 0001192  99.7001 217.3752 15.61999285  4060
STARLINK-37725          
1 69224U 26115P   26164.12823857 -.01122665  00000+0 -12857-1 0  9991
2 69224  97.2835 181.3570 0000445  44.9168 315.2127 15.64591687  4051
STARLINK-37770          
1 69225U 26115Q   26164.25002315 -.02558021  00000+0 -18825-1 0  9995
2 69225  97.2833 181.5246 0001364  76.3226 346.7230 15.76717499  4066
STARLINK-37736          
1 69226U 26115R   26164.25002315 -.02644957  00000+0 -20860-1 0  9992
2 69226  97.2836 181.5220 0001437  83.3184 333.2063 15.74648586  4067
STARLINK-37737          
1 69227U 26115S   26164.25002315 -.02583660  00000+0 -18540-1 0  9998
2 69227  97.2832 181.5314 0001382  80.5051 358.9460 15.77323388  4089
STARLINK-37618          
1 69228U 26115T   26164.25002315 -.02485711  00000+0 -34526-1 0  9999
2 69228  97.2841 181.4869 0001559 103.8993 223.2151 15.60614835  4065
STARLINK-37679          
1 69229U 26115U   26164.25002315 -.02573194  00000+0 -33878-1 0  9992
2 69229  97.2834 181.4849 0001431  80.7021 252.4995 15.62131425  4061
STARLINK-37746          
1 69230U 26115V   26164.25002315 -.02494307  00000+0 -35597-1 0  9992
2 69230  97.2841 181.4774 0001544 105.4875 198.0771 15.59925358  4064
STARLINK-37557          
1 69231U 26115W   26164.25002315 -.03312690  00000+0 -61399-1 0  9997
2 69231  97.2840 181.4289 0002286 103.2877  96.1742 15.52750194  4060
STARLINK-37745          
1 69232U 26115X   26164.25002315 -.01728037  00000+0 -12400-1 0  9991
2 69232  97.2836 181.5492 0001207  73.5144  49.1892 15.76474080  4068
STARLINK-37739          
1 69233U 26115Y   26164.25002315 -.02523763  00000+0 -34695-1 0  9992
2 69233  97.2837 181.4690 0001694  90.9926 193.0610 15.60939741  4060
STARLINK-37755          
1 69234U 26115Z   26164.32018248  .00149707  00000+0  98612-3 0  9992
2 69234  97.2832 181.5565 0001540  84.4734 275.6707 15.75212228  4078
TJS-24                  
1 69235U 26116A   26164.10233513 -.00000218  00000+0  00000+0 0  9998
2 69235   0.0124 273.4282 0000448 149.4670 325.6555  1.00269175   180
CZ-7A R/B               
1 69236U 26116B   26146.91397181  .00049818 -36870-6  75664-4 0  9993
2 69236  19.5460 149.3523 7251657 178.3837 187.0911  2.38711174    23
STARLINK-37665          
1 69238U 26117A   26164.26540463  .00204666  00000+0  96588-3 0  9996
2 69238  53.1592 263.3081 0001077  47.6934 312.4181 15.81969067  2358
STARLINK-37558          
1 69239U 26117B   26164.26445575  .00223465  00000+0  10501-2 0  9993
2 69239  53.1589 263.3013 0001155  28.5402 331.5685 15.82007089  2354
STARLINK-37680          
1 69240U 26117C   26164.26301448  .00211685  00000+0  99814-3 0  9991
2 69240  53.1593 263.2915 0001151  43.8648 316.2467 15.81967649  2353
STARLINK-37742          
1 69241U 26117D   26164.26123336  .00145404  00000+0  69138-3 0  9991
2 69241  53.1592 263.2801 0001601  32.9899 327.1224 15.81985567  2355
STARLINK-37718          
1 69242U 26117E   26164.19674641 -.00060248  00000+0 -28446-3 0  9995
2 69242  53.1590 263.5884 0002792   5.7508 354.3547 15.82276455  2344
STARLINK-37735          
1 69243U 26117F   26164.25989026  .00259926  00000+0  12150-2 0  9994
2 69243  53.1589 263.2707 0000897 133.2091 226.9007 15.82020555  2356
STARLINK-37757          
1 69244U 26117G   26164.25749429  .00339034  00000+0  15691-2 0  9998
2 69244  53.1589 263.2540 0000769  62.4404 297.6698 15.82021912  2350
STARLINK-37767          
1 69245U 26117H   26164.25323042  .00172119  00000+0  81469-3 0  9994
2 69245  53.1584 263.2249 0001191 112.6931 247.4218 15.82000902  2352
STARLINK-35759          
1 69246U 26117J   26164.25254494  .00164694  00000+0  78041-3 0  9990
2 69246  53.1586 263.2207 0001400  40.2979 319.8148 15.81999447  2356
STARLINK-37238          
1 69247U 26117K   26163.99540249  .00322411  00000+0  14908-2 0  9991
2 69247  53.1586 264.4579 0002461  62.6889 297.4384 15.82085709  2315
STARLINK-37412          
1 69248U 26117L   26164.24473574  .00168431  00000+0  79778-3 0  9994
2 69248  53.1587 263.1671 0001460  54.3340 305.7819 15.81996977  2351
STARLINK-37398          
1 69249U 26117M   26164.24627009  .00133711  00000+0  67061-3 0  9994
2 69249  53.1593 263.1771 0001068  94.8678 265.2467 15.80870751  2356
STARLINK-37499          
1 69250U 26117N   26164.24301810  .00160093  00000+0  75954-3 0  9998
2 69250  53.1588 263.1551 0000729  97.3281 262.7825 15.81987036  2355
STARLINK-37489          
1 69251U 26117P   26164.24125744  .00248217  00000+0  11615-2 0  9997
2 69251  53.1588 263.1427 0000680  72.1630 287.9468 15.82028774  2351
STARLINK-37434          
1 69252U 26117Q   26164.23828706  .00251980  00000+0  11788-2 0  9997
2 69252  53.1586 263.1229 0001102  42.1456 317.9652 15.82025613  2351
STARLINK-37368          
1 69253U 26117R   26164.23154320  .00198267  00000+0  93506-3 0  9999
2 69253  53.1585 263.0762 0001327  34.9342 325.1768 15.82001875  2357
STARLINK-37517          
1 69254U 26117S   26164.23022305  .00186419  00000+0  88068-3 0  9990
2 69254  53.1584 263.0676 0001029  30.9604 329.1480 15.81999667  2356
STARLINK-37378          
1 69255U 26117T   26164.22989371  .00197014  00000+0  92938-3 0  9999
2 69255  53.1585 263.0656 0001093  66.2893 293.8245 15.82000080  2358
STARLINK-37396          
1 69256U 26117U   26164.25002315  .00232959  00000+0  10987-2 0  9998
2 69256  53.1582 262.9341 0001285 102.8596  25.9205 15.81903934  3614
STARLINK-37508          
1 69257U 26117V   26164.25002315  .00258112  00000+0  12796-2 0  9998
2 69257  53.1589 262.9257 0001130  71.2720  61.0960 15.80753227  3532
STARLINK-37276          
1 69258U 26117W   26164.25002315  .00069216  00000+0  35130-3 0  9992
2 69258  53.1587 262.6072 0001391  54.7452 231.0681 15.80879606  3539
STARLINK-37518          
1 69259U 26117X   26164.25002315  .00184915  00000+0  92317-3 0  9997
2 69259  53.1591 262.6225 0001262  97.1600 181.6822 15.80809465  3542
STARLINK-37478          
1 69260U 26117Y   26164.25002315  .00156451  00000+0  78382-3 0  9999
2 69260  53.1594 262.6252 0001239  82.0587 195.5043 15.80820010  3546
STARLINK-37506          
1 69261U 26117Z   26164.25002315  .00232863  00000+0  11560-2 0  9996
2 69261  53.1587 262.6189 0001117  87.3067 193.0356 15.80793217  3542
STARLINK-37503          
1 69262U 26117AA  26164.25002315  .00239852  00000+0  11903-2 0  9993
2 69262  53.1594 262.6156 0001197 102.5049 179.2953 15.80780650  3549
STARLINK-37502          
1 69263U 26117AB  26164.25002315  .00242806  00000+0  12039-2 0  9998
2 69263  53.1591 262.6088 0001494 104.9421 179.7947 15.80792285  3546
STARLINK-37486          
1 69264U 26117AC  26164.25002315  .00112065  00000+0  56455-3 0  9993
2 69264  53.1588 262.5948 0001314 102.4716 189.2063 15.80850688  3545
STARLINK-37435          
1 69265U 26117AD  26164.25002315  .00248513  00000+0  12325-2 0  9999
2 69265  53.1591 262.6112 0001227 100.5757 182.6344 15.80770789  3543
STARLINK-37464          
1 69266U 26117AE  26164.25002315  .00289535  00000+0  13572-2 0  9994
2 69266  53.1585 262.5910 0001295  79.7199 213.0237 15.81879799  3546
KUIPER-00282            
1 69267U 26118A   26164.24954603  .00019486  00000+0  57841-3 0  9995
2 69267  51.8589  72.5318 0011828 165.9637 194.1679 15.34743867  3379
KUIPER-00383            
1 69268U 26118B   26164.24651437  .00002738  00000+0  91231-4 0  9999
2 69268  51.8591  72.5126 0010701 167.1895 192.9365 15.34716441  3375
KUIPER-00527            
1 69269U 26118C   26164.24295601  .00020350  00000+0  59865-3 0  9993
2 69269  51.8615  72.4920 0010205 161.8447 198.2905 15.35014602  3377
KUIPER-00562            
1 69270U 26118D   26164.21910947  .00023122  00000+0  60699-3 0  9996
2 69270  51.8724  72.3333 0001840 101.1040 259.0154 15.38525016  3379
KUIPER-00570            
1 69271U 26118E   26164.24503198  .00018563  00000+0  54106-3 0  9995
2 69271  51.8576  72.5024 0011819 170.8003 189.3201 15.35353178  3376
KUIPER-00572            
1 69272U 26118F   26164.23421664  .00022052  00000+0  61002-3 0  9993
2 69272  51.8671  72.4394 0007333 156.2340 203.8986 15.36912962  3375
KUIPER-00581            
1 69273U 26118G   26164.23720140  .00022786  00000+0  63714-3 0  9991
2 69273  51.8652  72.4584 0009039 160.2574 199.8764 15.36543590  3460
KUIPER-00584            
1 69274U 26118H   26164.18202113  .00015739  00000+0  46277-3 0  9996
2 69274  51.8605  72.8321 0011470 174.2053 185.9068 15.35210800  3367
KUIPER-00587            
1 69275U 26118J   26164.23667455  .00021558  00000+0  60270-3 0  9992
2 69275  51.8625  72.4537 0008234 163.1138 197.0124 15.36591067  3376
KUIPER-00590            
1 69276U 26118K   26164.22601792  .00022963  00000+0  61684-3 0  9995
2 69276  51.8691  72.3862 0004338 144.6301 215.4975 15.37814580  3375
KUIPER-00592            
1 69277U 26118L   26164.22401448  .00023454  00000+0  62493-3 0  9997
2 69277  51.8713  72.3718 0003675 124.1444 235.9892 15.38055244  3375
KUIPER-00593            
1 69278U 26118M   26164.22456261  .00023813  00000+0  63646-3 0  9991
2 69278  51.8719  72.3743 0004055 140.7170 219.4112 15.37948163  3432
KUIPER-00594            
1 69279U 26118N   26164.21803268  .00027796  00000+0  72633-3 0  9994
2 69279  51.8723  72.3298 0001057  77.6391 282.4715 15.38561376  3375
KUIPER-00595            
1 69280U 26118P   26164.21995965  .00024736  00000+0  64997-3 0  9997
2 69280  51.8720  72.3451 0001932 124.4065 235.7106 15.38455498  3402
KUIPER-00596            
1 69281U 26118Q   26164.24553055  .00005506  00000+0  16863-3 0  9994
2 69281  51.8551  72.5033 0012070 169.1553 190.9695 15.35345958  3373
KUIPER-00597            
1 69282U 26118R   26164.23259434  .00020412  00000+0  56521-3 0  9996
2 69282  51.8650  72.4284 0007265 157.2246 202.9064 15.36932763  3379
KUIPER-00599            
1 69283U 26118S   26164.23061080  .00023137  00000+0  63179-3 0  9999
2 69283  51.8694  72.4167 0006370 149.4535 210.6824 15.37291362  3372
KUIPER-00600            
1 69284U 26118T   26164.23605642  .00022249  00000+0  62052-3 0  9990
2 69284  51.8639  72.4506 0009025 159.0469 201.0889 15.36639781  3377
KUIPER-00601            
1 69285U 26118U   26164.22785607  .00024104  00000+0  65218-3 0  9999
2 69285  51.8706  72.3975 0004859 139.6497 220.4851 15.37559065  3378
KUIPER-00602            
1 69286U 26118V   26164.22332348  .00023656  00000+0  62964-3 0  9996
2 69286  51.8707  72.3683 0003098 132.2723 227.8527 15.38083791  3371
KUIPER-00603            
1 69287U 26118W   26164.22893292  .00015827  00000+0  43349-3 0  9994
2 69287  51.8672  72.4055 0005559 145.7960 214.3386 15.37470194  3373
KUIPER-00605            
1 69288U 26118X   26164.23331725  .00024461  00000+0  67301-3 0  9992
2 69288  51.8659  72.4336 0007699 150.5781 209.5640 15.37014866  3372
KUIPER-00606            
1 69289U 26118Y   26164.22677432  .00023257  00000+0  62770-3 0  9997
2 69289  51.8699  72.3904 0004911 136.9631 223.1741 15.37657214  3377
KUIPER-00607            
1 69290U 26118Z   26164.22976875  .00023186  00000+0  63204-3 0  9996
2 69290  51.8682  72.4112 0006255 147.1150 213.0227 15.37344459  3377
KUIPER-00608            
1 69291U 26118AA  26164.24075584 -.00005301  00000+0 -13985-3 0  9998
2 69291  51.8604  72.4771 0008959 160.4334 199.6997 15.35568864  3377
KUIPER-00610            
1 69292U 26118AB  26164.22172107  .00023545  00000+0  62265-3 0  9999
2 69292  51.8728  72.3538 0002866 124.3101 235.8157 15.38286366  3375
KUIPER-00613            
1 69293U 26118AC  26164.24482615  .00019949  00000+0  58439-3 0  9991
2 69293  51.8629  72.5047 0010359 171.4817 188.6347 15.35159625  3376
KUIPER-00618            
1 69294U 26118AD  26164.21848616  .00023755  00000+0  62294-3 0  9990
2 69294  51.8724  72.3306 0001782  83.1499 276.9691 15.38542253  3373
KUIPER-00620            
1 69295U 26118AE  26164.22100805  .00018704  00000+0  49702-3 0  9990
2 69295  51.8719  72.3495 0003220 110.8313 249.3020 15.38288813  3378
STARLINK-37501          
1 69296U 26119A   26164.22281256  .00149589  00000+0  80037-3 0  9994
2 69296  97.2823 189.8299 0001293  78.8676 281.2737 15.79917693  3413
STARLINK-37496          
1 69297U 26119B   26164.22329157  .00212906  00000+0  11271-2 0  9995
2 69297  97.2821 189.8298 0000843  72.9798 287.1562 15.79984640  3418
STARLINK-37519          
1 69298U 26119C   26164.21781575  .00169140  00000+0  86324-3 0  9994
2 69298  97.2826 189.8373 0000315 255.8950 104.2284 15.80905025  3416
STARLINK-37455          
1 69299U 26119D   26163.58826481 -.00255334  00000+0 -14432-2 0  9993
2 69299  97.2829 189.1634 0004054  36.6104 323.5440 15.79682093  3317
STARLINK-37456          
1 69300U 26119E   26164.21701967  .00289957  00000+0  14575-2 0  9992
2 69300  97.2822 189.8379 0000950  69.9301 290.2069 15.80924273  3414
STARLINK-37630          
1 69301U 26119F   26164.25002315 -.02573444  00000+0 -29556-1 0  9993
2 69301  97.2835 189.8346 0001663  67.9493  33.8958 15.65571556  3418
STARLINK-37804          
1 69302U 26119G   26164.25002315 -.02609280  00000+0 -29639-1 0  9994
2 69302  97.2837 189.8371 0001702  64.4406  42.3974 15.65898134  3416
STARLINK-37730          
1 69303U 26119H   26164.21478875  .00215124  00000+0  10948-2 0  9999
2 69303  97.2821 189.8414 0001594 108.4492 251.6950 15.80847495  3411
STARLINK-37731          
1 69304U 26119J   26164.25002315 -.02596741  00000+0 -30861-1 0  9992
2 69304  97.2840 189.8394 0001629  76.6697  35.6872 15.64754318  3418
STARLINK-37734          
1 69305U 26119K   26164.21373660  .00146203  00000+0  75153-3 0  9998
2 69305  97.2823 189.8431 0001605  92.3684 267.7768 15.80808855  3413
STARLINK-37701          
1 69306U 26119L   26164.21347183  .00127629  00000+0  65705-3 0  9993
2 69306  97.2824 189.8425 0001566  90.6375 269.5073 15.80825596  3412
STARLINK-37732          
1 69307U 26119M   26164.21305360  .00156465  00000+0  80230-3 0  9995
2 69307  97.2824 189.8442 0001287  89.2255 270.9161 15.80835879  3412
STARLINK-37689          
1 69308U 26119N   26164.25002315 -.02554910  00000+0 -29987-1 0  9995
2 69308  97.2836 189.8450 0002009  74.6834  52.5544 15.64999100  3418
STARLINK-37619          
1 69309U 26119P   26164.21134067  .00215463  00000+0  10955-2 0  9991
2 69309  97.2820 189.8460 0000551  77.2600 282.8730 15.80866815  3412
STARLINK-37794          
1 69310U 26119Q   26164.14580939  .00179148  00000+0  91497-3 0  9998
2 69310  97.2825 189.7822 0001263  56.2977 303.8412 15.80863129  3400
STARLINK-37795          
1 69311U 26119R   26164.25002315 -.02347245  00000+0 -27199-1 0  9993
2 69311  97.2839 189.8528 0002055  78.9743  65.3337 15.65012698  3419
STARLINK-37790          
1 69312U 26119S   26164.20780567  .00259779  00000+0  13134-2 0  9996
2 69312  97.2826 189.8509 0001065  91.1034 269.0356 15.80876424  3411
STARLINK-37676          
1 69313U 26119T   26164.20578033  .00249555  00000+0  12629-2 0  9999
2 69313  97.2828 189.8536 0000913  75.7779 284.3591 15.80881625  3419
STARLINK-37617          
1 69314U 26119U   26164.20490850  .00241549  00000+0  12236-2 0  9999
2 69314  97.2827 189.8544 0001117  77.6591 282.4802 15.80880875  3418
STARLINK-37627          
1 69315U 26119V   26164.20459503  .00173867  00000+0  88887-3 0  9993
2 69315  97.2831 189.8551 0001315  87.8867 272.2551 15.80855408  3413
STARLINK-37738          
1 69316U 26119W   26164.20683920  .00103273  00000+0  53333-3 0  9998
2 69316  97.2824 189.8518 0001266  89.0493 271.0921 15.80824487  3414
STARLINK-37799          
1 69317U 26119X   26164.20530227  .00178246  00000+0  91077-3 0  9999
2 69317  97.2826 189.8540 0000910  97.8026 262.3346 15.80855785  2166
STARLINK-37802          
1 69318U 26119Y   26164.20327574  .00360185  00000+0  17942-2 0  9992
2 69318  97.2826 189.8578 0001605  14.8262 345.3053 15.80942236  3415
STARLINK-37803          
1 69319U 26119Z   26164.25002315 -.00815430  00000+0 -55891-2 0  9996
2 69319  97.2831 189.9037 0001213  76.8047 183.3731 15.76837951  3366
GUOWANG TEST OBJECT A   
1 69320U 26120A   26158.46264223  .00009002  00000+0  24096-3 0  9996
2 69320  54.9967  71.5399 0009599 294.3963  65.6063 15.38803685  1198
GUOWANG TEST OBJECT B   
1 69321U 26120B   26164.11108278  .00009671  00000+0  25766-3 0  9990
2 69321  54.9986  46.0845 0009597 318.9519  41.0786 15.38855648  2064
GUOWANG TEST OBJECT C   
1 69322U 26120C   26158.91389784  .00016153  00000+0  41736-3 0  9993
2 69322  54.9968  69.4792 0009850 309.3319  50.6835 15.39284097  1266
GUOWANG TEST OBJECT D   
1 69323U 26120D   26164.17270684  .00004137  00000+0  11569-3 0  9997
2 69323  54.9983  45.7696 0010770 333.5436  26.5041 15.38955339  2070
QIANFAN-163             
1 69325U 26121A   26158.95635699  .00000032  00000+0  25988-4 0  9991
2 69325  89.0167 301.4498 0019200 214.2671 145.7248 13.60351284   905
QIANFAN-164             
1 69326U 26121B   26162.41240743  .00000112  00000+0  13228-3 0  9992
2 69326  89.0157 301.0998 0019383 205.3125 154.7084 13.60355109  1373
CZ-12B R/B              
1 69327U 26121C   26164.31069610  .00000174  00000+0  85283-4 0  9995
2 69327  89.0314 300.8420 0195544  19.4645 341.3868 14.04085311  1683
SZ-22 MODULE            
1 69328U 25272C   26164.20698179  .00021831  00000+0  26493-3 0  9998
2 69328  41.4809 346.3025 0006682  52.6087 307.5359 15.60064097  2708
STARLINK-37733          
1 69329U 26122A   26164.25002315  .00053521  00000+0  27859-3 0  9998
2 69329  97.2837 193.4630 0000602  89.7559 334.1534 15.80804818  2721
STARLINK-37772          
1 69330U 26122B   26164.25002315 -.00055211  00000+0 -28885-3 0  9990
2 69330  97.2833 193.4754 0001191  78.4398  15.3081 15.80852211  2675
STARLINK-37768          
1 69331U 26122C   26164.25002315  .00005123  00000+0  27428-4 0  9999
2 69331  97.2834 193.4793 0001011  97.8843   5.2648 15.80851425  2674
STARLINK-37833          
1 69332U 26122D   26164.25002315  .00012725  00000+0  67120-4 0  9999
2 69332  97.2834 193.4808 0001076  95.1911  10.8138 15.80802601  2678
STARLINK-37818          
1 69333U 26122E   26164.25002315 -.00034711  00000+0 -18093-3 0  9995
2 69333  97.2832 193.4765 0001187  74.5894  20.3545 15.80848321  2726
STARLINK-37868          
1 69334U 26122F   26164.25002315 -.01260120  00000+0 -63105-2 0  9995
2 69334  97.2826 193.4894 0001316  76.6004  52.3330 15.84310098  2729
STARLINK-37877          
1 69335U 26122G   26164.25002315 -.01259673  00000+0 -63114-2 0  9997
2 69335  97.2825 193.4896 0001383  71.7548  57.9486 15.84297789  2728
STARLINK-37791          
1 69336U 26122H   26164.25002315 -.00764458  00000+0 -36129-2 0  9995
2 69336  97.2824 193.4924 0001187  74.5071  60.5109 15.84778231  2722
STARLINK-37765          
1 69337U 26122J   26164.25002315 -.02486933  00000+0 -13067-1 0  9992
2 69337  97.2831 193.4982 0001751  92.2485  53.5601 15.83895036  2774
STARLINK-37788          
1 69338U 26122K   26164.25002315 -.02510845  00000+0 -13125-1 0  9998
2 69338  97.2831 193.4987 0001623  89.7629  59.6954 15.84039093  2726
STARLINK-37743          
1 69339U 26122L   26164.25002315 -.00041811  00000+0 -21837-3 0  9990
2 69339  97.2833 193.4948 0001166  89.0498  50.4527 15.80837774  2728
STARLINK-37780          
1 69340U 26122M   26164.25002315  .00130222  00000+0  67214-3 0  9994
2 69340  97.2835 193.4979 0001296  61.6099  83.4467 15.80762077  2770
STARLINK-37781          
1 69341U 26122N   26164.25002315  .00009610  00000+0  50845-4 0  9994
2 69341  97.2835 193.4932 0000704  72.3607  61.5639 15.80819953  2726
STARLINK-37782          
1 69342U 26122P   26164.25002315 -.01259955  00000+0 -58184-2 0  9999
2 69342  97.2827 193.5093 0001417  82.9346  90.1100 15.85986329  2724
STARLINK-37776          
1 69343U 26122Q   26164.25002315 -.01262447  00000+0 -57882-2 0  9994
2 69343  97.2827 193.5107 0001462  81.3580  96.0999 15.86138360  2720
STARLINK-37786          
1 69344U 26122R   26164.25002315 -.01256524  00000+0 -56240-2 0  9991
2 69344  97.2834 193.5161 0001368  85.5409 103.5669 15.86619007  2720
STARLINK-37785          
1 69345U 26122S   26164.25002315 -.01254116  00000+0 -56150-2 0  9997
2 69345  97.2831 193.5161 0001363  86.2545 103.6116 15.86607828  2728
STARLINK-37773          
1 69346U 26122T   26164.25002315 -.02505902  00000+0 -12023-1 0  9991
2 69346  97.2834 193.5199 0001634  91.4688 106.3406 15.85802314  2773
STARLINK-37744          
1 69347U 26122U   26164.25002315 -.02540040  00000+0 -11674-1 0  9995
2 69347  97.2835 193.5222 0001866  92.7805 110.5243 15.86722868  2721
STARLINK-37775          
1 69348U 26122V   26164.25002315 -.00738567  00000+0 -36088-2 0  9994
2 69348  97.2840 193.5192 0001064  84.3465 111.0095 15.84019818  2726
STARLINK-37777          
1 69349U 26122W   26164.25002315 -.02383562  00000+0 -12561-1 0  9997
2 69349  97.2843 193.5227 0001806  90.6422 111.0979 15.83685064  2728
STARLINK-37779          
1 69350U 26122X   26164.25002315 -.02174273  00000+0 -11224-1 0  9991
2 69350  97.2846 193.5238 0001672  78.1499 128.7564 15.84366806  2727
STARLINK-37549          
1 69351U 26122Y   26164.25002315 -.01831162  00000+0 -98235-2 0  9996
2 69351  97.2847 193.5198 0001772  92.1908 101.5868 15.82994759  2724
STARLINK-37778          
1 69352U 26122Z   26164.25002315 -.02440097  00000+0 -12716-1 0  9990
2 69352  97.2845 193.5281 0001751  88.8173 126.5953 15.83999775  2725
STARLINK-37651          
1 69353U 26123A   26164.25002315 -.01284168  00000+0 -70495-2 0  9995
2 69353  53.1588 261.5386 0000712  88.1348 257.2628 15.81858470  2518
STARLINK-37652          
1 69354U 26123B   26164.25002315  .00039385  00000+0  20227-3 0  9991
2 69354  53.1594 261.5514 0000741 111.2813 228.1879 15.80862266  2518
STARLINK-37593          
1 69355U 26123C   26164.25002315  .00126009  00000+0  63435-3 0  9990
2 69355  53.1592 261.5405 0000849 105.5699 238.8631 15.80815901  2566
STARLINK-37597          
1 69356U 26123D   26164.25002315  .00082215  00000+0  41677-3 0  9995
2 69356  53.1590 261.5212 0001332  88.8666 264.8381 15.80838855  2560
STARLINK-37598          
1 69357U 26123E   26164.25002315 -.01049743  00000+0 -57862-2 0  9990
2 69357  53.1586 261.4975 0001179  93.3602 271.8608 15.81656471  2564
STARLINK-37602          
1 69358U 26123F   26164.25002315 -.01236508  00000+0 -67744-2 0  9998
2 69358  53.1589 261.4878 0001185 120.7943 249.2324 15.81789116  2567
STARLINK-37600          
1 69359U 26123G   26164.25002315 -.01854778  00000+0 -97305-2 0  9990
2 69359  53.1585 261.4559 0000814  68.7757 316.7420 15.82939684  2578
STARLINK-37599          
1 69360U 26123H   26164.25002315 -.01908288  00000+0 -87418-2 0  9992
2 69360  53.1578 261.3953 0001003  66.5824 348.0177 15.85822570  2510
STARLINK-37039          
1 69361U 26123J   26164.25002315 -.01896950  00000+0 -10107-1 0  9995
2 69361  53.1585 261.4345 0000791  78.6533 316.6334 15.82684253  2527
STARLINK-37040          
1 69362U 26123K   26164.25002315 -.02160343  12603-2 -63341-2 0  9991
2 69362  53.1571 261.3163 0000867  66.5818  25.7772 15.92235446  2527
STARLINK-37582          
1 69363U 26123L   26164.25002315 -.01928457  00000+0 -95733-2 0  9994
2 69363  53.1581 261.3854 0000894  70.3302 348.9443 15.84208511  2526
STARLINK-37309          
1 69364U 26123M   26164.25002315 -.01340903  53411-3 -34787-2 0  9999
2 69364  53.1567 261.2581 0000945  69.8068  50.6612 15.94438978  2669
STARLINK-37436          
1 69365U 26123N   26164.25002315 -.01847941  96914-3 -46475-2 0  9996
2 69365  53.1569 261.2267 0001000  77.4757  57.9934 15.95097222  2667
STARLINK-37581          
1 69366U 26123P   26164.25002315 -.02131921  12424-2 -59218-2 0  9994
2 69366  53.1570 261.2267 0000977  76.5016  59.0284 15.93265037  2514
STARLINK-37683          
1 69367U 26123Q   26164.25002315 -.02220631  13629-2 -57193-2 0  9990
2 69367  53.1570 261.2082 0000921  74.9788  69.4059 15.94697335  2524
STARLINK-37687          
1 69368U 26123R   26164.25002315 -.02058991  11820-2 -52804-2 0  9994
2 69368  53.1569 261.1672 0001032  71.5009  92.5637 15.94760127  2529
STARLINK-37631          
1 69369U 26123S   26164.25002315 -.02058832  11723-2 -55023-2 0  9997
2 69369  53.1567 261.1552 0001039  67.4735 102.5135 15.93986605  2572
STARLINK-37673          
1 69370U 26123T   26164.25002315 -.02026356  11322-2 -55521-2 0  9993
2 69370  53.1567 261.1386 0001134  76.8601 101.0931 15.93512265  2576
STARLINK-37645          
1 69371U 26123U   26164.25002315 -.02002631  10971-2 -57588-2 0  9998
2 69371  53.1568 261.1401 0001078  78.3884  98.6867 15.92588875  2571
STARLINK-37688          
1 69372U 26123V   26164.25002315 -.02131541  12219-2 -64297-2 0  9994
2 69372  53.1567 261.0928 0001100  77.7099 122.0061 15.91683951  2579
STARLINK-37685          
1 69373U 26123W   26164.25002315 -.02118742  12068-2 -64263-2 0  9998
2 69373  53.1566 261.0845 0001056  78.3890 125.2851 15.91576110  2573
STARLINK-37632          
1 69374U 26123X   26164.25002315 -.02139591  12300-2 -64696-2 0  9993
2 69374  53.1565 261.0775 0001069  78.8883 128.1474 15.91637903  2522
STARLINK-37454          
1 69375U 26123Y   26164.25002315 -.02116409  12040-2 -64267-2 0  9992
2 69375  53.1566 261.0626 0001004  75.3887 138.6576 15.91553397  2662
STARLINK-37485          
1 69376U 26123Z   26164.25002315 -.02131323  12203-2 -64654-2 0  9996
2 69376  53.1565 261.0536 0001021  74.6308 143.6656 15.91574895  2662
STARLINK-37439          
1 69377U 26123AA  26164.25002315 -.02128465  12392-2 -58985-2 0  9999
2 69377  53.1563 261.0033 0000928  72.7756 169.6895 15.93308961  2523
STARLINK-37376          
1 69378U 26123AB  26164.25002315 -.02079424  11747-2 -60470-2 0  9995
2 69378  53.1563 261.0164 0001003  83.4917 152.5709 15.92383676  2667
STARLINK-37383          
1 69379U 26123AC  26164.25002315 -.02128187  12376-2 -59287-2 0  9990
2 69379  53.1558 260.9585 0000904  72.6713 191.0199 15.93209472  2663
STARLINK-37411          
1 69380U 26123AD  26164.25002315 -.02102701  12001-2 -61013-2 0  9991
2 69380  53.1562 261.0014 0000951  71.0968 171.9434 15.92428249  2669
STARLINK-37427          
1 69381U 26123AE  26164.25002315 -.02048011  11516-2 -56978-2 0  9999
2 69381  53.1562 260.9724 0000877  71.5650 185.5083 15.93225424  2578
QIANFAN-165             
1 69382U 26124A   26163.88311798 -.02084539  00000+0 -10644+1 0  9993
2 69382  88.9978   2.5286 0004115 184.3071 175.8085 14.19919653  1202
QIANFAN-166             
1 69383U 26124B   26164.16319915  .00000100  00000+0  37910-4 0  9992
2 69383  88.9965   2.5027 0001482 121.4560 238.6777 14.22987399  1247
QIANFAN-167             
1 69384U 26124C   26163.88108973 -.02041980  00000+0 -10244+1 0  9993
2 69384  88.9978   2.5284 0002105 162.2755 197.8509 14.20776910  1207
QIANFAN-168             
1 69385U 26124D   26164.02145989  .00000104  00000+0  38459-4 0  9990
2 69385  88.9982   2.5154 0003352 123.5245 236.6268 14.24420262  1224
QIANFAN-169             
1 69386U 26124E   26164.09132420  .00000127  00000+0  47298-4 0  9990
2 69386  88.9985   2.5039 0002867 171.4075 188.7168 14.25617028  1239
QIANFAN-170             
1 69387U 26124F   26164.23142044  .00000276  00000+0  11050-3 0  9991
2 69387  88.9983   2.4879 0002064 165.6670 194.4582 14.25630032  1250
QIANFAN-171             
1 69388U 26124G   26164.23108333  .00000103  00000+0  37463-4 0  9991
2 69388  88.9984   2.4879 0001986 191.4580 168.6568 14.25624110  1258
QIANFAN-172             
1 69389U 26124H   26164.23118370  .00000408  00000+0  16616-3 0  9998
2 69389  88.9983   2.4879 0002271 182.0684 178.0501 14.25677465  1250
QIANFAN-173             
1 69390U 26124J   26164.23085778  .00000103  00000+0  37488-4 0  9998
2 69390  88.9984   2.4878 0002431 172.0754 188.0478 14.25636536  1255
QIANFAN-174             
1 69391U 26124K   26164.23055078 -.00000210  00000+0 -94722-4 0  9994
2 69391  88.9981   2.4876 0001992 166.2384 193.8864 14.25793262  1259
QIANFAN-175             
1 69392U 26124L   26164.01987855  .00000105  00000+0  38111-4 0  9999
2 69392  88.9987   2.5109 0002615 180.6040 179.5151 14.25625212  1224
QIANFAN-176             
1 69393U 26124M   26164.23027996  .00000103  00000+0  37465-4 0  9994
2 69393  88.9983   2.4878 0001707 179.5920 180.5275 14.25634022  1259
QIANFAN-177             
1 69394U 26124N   26164.15966538 -.00000138  00000+0 -63526-4 0  9997
2 69394  88.9979   2.4959 0002243 161.4691 198.6584 14.26481380  1246
QIANFAN-178             
1 69395U 26124P   26163.87791265 -.01936967  00000+0 -93523+0 0  9993
2 69395  88.9973   2.5412 0005828 161.8855 198.2545 14.22583787  1203
QIANFAN-179             
1 69396U 26124Q   26163.80736712 -.01828337  00000+0 -88857+0 0  9998
2 69396  88.9978   2.5360 0003658 220.2149 139.8772 14.22021294  1197
QIANFAN-180             
1 69397U 26124R   26164.29984744  .00000105  00000+0  37441-4 0  9993
2 69397  88.9983   2.4798 0002221 172.2898 187.8330 14.26488944  1264
QIANFAN-181             
1 69398U 26124S   26163.88331769 -.02096187  00000+0 -10777+1 0  9999
2 69398  88.9980   2.5286 0004483 184.0890 176.0264 14.19577709  1200
QIANFAN-182             
1 69399U 26124T   26164.02111388  .00000104  00000+0  37976-4 0  9994
2 69399  88.9985   2.5121 0001959 167.6455 192.4786 14.25574477  1222
CZ-6A R/B               
1 69400U 26124U   26164.25296199  .00000317  00000+0  61259-4 0  9993
2 69400  89.0257   2.4263 0100212  75.1849 286.0438 14.57302066  1285
DTC TEST OBJECT A       
1 69472U 26128A   26163.92776243  .00030330  00000+0  43944-3 0  9990
2 69472  54.9939 324.7041 0008173 272.7064  87.3036 15.55637490   560
DTC TEST OBJECT B       
1 69473U 26128B   26163.60611115  .00034393  00000+0  48994-3 0  9995
2 69473  55.0028 326.1859 0008216 272.5140  87.4955 15.56033484   505
TJS-25                  
1 69474U 26129A   26162.48255804  .00007407  00000+0  19774-2 0  9990
2 69474  16.5302  30.5351 7751889 199.9639  91.9387  1.72502163    78
2026-131A               
1 69502U 26131A   26164.41707986  .00000642  00000+0  57801-4 0  9992
2 69502  97.6918 228.1419 0012133 285.4067  74.5815 14.99040651   215
2026-131B               
1 69503U 26131B   26164.41699661  .00000768  00000+0  67980-4 0  9991
2 69503  97.6950 228.1426 0012095 287.6967  72.2935 14.99132825   213
2026-131C               
1 69504U 26131C   26163.14876572 -.00000427  00000+0 -29353-4 0  9995
2 69504  97.6894 226.8864 0013837 298.9439  61.0397 15.00135133    21
2026-131D               
1 69505U 26131D   26164.41554847  .00001509  00000+0  12292-3 0  9998
2 69505  97.6871 228.1350 0011034 315.3023  44.7311 15.00977591   208
2026-131E               
1 69506U 26131E   26164.41543244  .00001671  00000+0  13578-3 0  9996
2 69506  97.6848 228.1411 0011327 323.9735  36.0724 15.00908353   214
ZHUQUE-2E R/B           
1 69537U 26128C   26164.16774148  .00045199  00000+0  44855-3 0  9992
2 69537  54.5308 322.8705 0065914 333.1456  26.6170 15.62592090   599
