QIANFAN-1               
1 60379U 24140A   26164.25888819  .00000091  00000+0  12175-3 0  9992
2 60379  88.9731 280.3367 0018818  53.5973 306.6910 13.51013918 91995
QIANFAN-2               
1 60380U 24140B   26164.13952195  .00000104  00000+0  14290-3 0  9995
2 60380  88.9718 280.1635 0013147  30.3265 329.8644 13.51009397 92038
QIANFAN-3               
1 60381U 24140C   26164.22180874  .00000096  00000+0  12911-3 0  9991
2 60381  88.9710 280.2738 0014731  41.2727 318.9534 13.51010469 91959
QIANFAN-4               
1 60382U 24140D   26164.27116646  .00000112  00000+0  15490-3 0  9997
2 60382  88.9735 280.2123 0013459  32.3327 327.8646 13.51013125 92088
QIANFAN-5               
1 60383U 24140E   26164.24649359  .00000110  00000+0  15072-3 0  9991
2 60383  88.9710 280.2960 0016388  50.9696 309.2911 13.51011989 91949
QIANFAN-6               
1 60384U 24140F   26164.26704564  .00000100  00000+0  13609-3 0  9997
2 60384  88.9737 280.0895 0013815  37.7967 322.4152 13.51012440 92140
QIANFAN-7               
1 60385U 24140G   26164.31487952  .00000507  00000+0  19899-3 0  9991
2 60385  88.9772 272.2284 0016556 152.3925 207.8153 14.27835097 96447
QIANFAN-8               
1 60386U 24140H   26164.27525288  .00000104  00000+0  14278-3 0  9991
2 60386  88.9738 280.3286 0017313  38.0120 322.2250 13.51008909 91996
QIANFAN-9               
1 60387U 24140J   26164.25060274  .00000103  00000+0  13994-3 0  9992
2 60387  88.9736 280.4028 0016994  37.9897 322.2449 13.51014449 91977
QIANFAN-10              
1 60388U 24140K   26164.25473679  .00000096  00000+0  12964-3 0  9997
2 60388  88.9747 279.7683 0014591  16.8010 343.3621 13.51015417 92100
QIANFAN-11              
1 60389U 24140L   26164.14356136  .00000108  00000+0  14773-3 0  9998
2 60389  88.9672 280.2300 0015050  38.9734 321.2499 13.51009700 91745
QIANFAN-12              
1 60390U 24140M   26164.31237408  .00000114  00000+0  15726-3 0  9995
2 60390  88.9715 280.3353 0014167  46.8875 313.3459 13.51011783 91894
QIANFAN-13              
1 60391U 24140N   26164.28353175  .00000108  00000+0  14884-3 0  9999
2 60391  88.9727 280.4605 0014080  49.5270 310.7107 13.51011760 91911
QIANFAN-14              
1 60392U 24140P   26164.30815229  .00000109  00000+0  15024-3 0  9994
2 60392  88.9706 280.3168 0017719  47.5766 312.6880 13.51005347 91926
QIANFAN-15              
1 60393U 24140Q   26164.24228591  .00000105  00000+0  14309-3 0  9999
2 60393  88.9730 280.3235 0013078  37.1845 323.0209 13.51014554 91905
QIANFAN-16              
1 60394U 24140R   26164.23013537  .00000106  00000+0  14536-3 0  9994
2 60394  88.9732 280.4501 0015819  52.2371 308.0211 13.51013760 91816
QIANFAN-17              
1 60395U 24140S   26164.22587378  .00000084  00000+0  11062-3 0  9999
2 60395  88.9743 280.5164 0015999  46.2352 314.0120 13.51010054 92771
QIANFAN-18              
1 60396U 24140T   26164.27931691  .00000112  00000+0  15397-3 0  9993
2 60396  88.9737 280.0322 0014691  30.0896 330.1096 13.51009396 92170
QIANFAN-19              
1 61552U 24185A   26164.25216423  .00000344  00000+0  17202-3 0  9998
2 61552  88.9843  57.0229 0009270  79.6912 280.5319 14.14473744 95469
QIANFAN-20              
1 61553U 24185B   26164.20934766  .00000446  00000+0  24944-3 0  9995
2 61553  88.9839  57.5330 0007393 111.5272 248.6701 14.09017262 95184
QIANFAN-21              
1 61554U 24185C   26164.26172230  .00000513  00000+0  22186-3 0  9993
2 61554  88.9759  55.5980 0012381 120.7546 239.4867 14.22850991 95926
QIANFAN-22              
1 61555U 24185D   26164.25193918  .00000229  00000+0  18604-3 0  9993
2 61555  88.9825  59.2460 0007241 140.2669 219.9034 13.86392761 94223
QIANFAN-23              
1 61556U 24185E   26164.25150177  .00000344  00000+0  16556-3 0  9996
2 61556  88.9835  56.7469 0009900  86.6643 273.5678 14.16498805 95585
QIANFAN-24              
1 61557U 24185F   26164.25042805  .00000497  00000+0  20993-3 0  9994
2 61557  88.9819  55.8557 0011678  67.4353 292.8074 14.24066646 95998
QIANFAN-25              
1 61558U 24185G   26164.27003182  .00000381  00000+0  22347-3 0  9999
2 61558  88.9831  57.5277 0012269 115.9674 244.2774 14.06074199 95151
QIANFAN-26              
1 61559U 24185H   26164.24352908  .00000219  00000+0  20523-3 0  9994
2 61559  88.9832  60.0477 0005761 157.3214 202.8208 13.77911098 93800
QIANFAN-27              
1 61560U 24185J   26164.21890129  .00000372  00000+0  14531-3 0  9997
2 61560  88.9828  55.5487 0009542  58.5060 301.7065 14.27534481 96197
QIANFAN-28              
1 61561U 24185K   26164.24198865  .00000613  00000+0  23952-3 0  9994
2 61561  88.9847  55.5580 0009409  57.1256 303.0843 14.28380098 96224
QIANFAN-29              
1 61562U 24185L   26164.22469218  .00000093  00000+0  12486-3 0  9998
2 61562  88.9807  62.4442 0007965 237.7361 122.3019 13.51072818 92432
QIANFAN-30              
1 61563U 24185M   26164.26384429  .00000150  00000+0  21739-3 0  9998
2 61563  88.9827  62.0355 0005687 219.2330 140.8409 13.50050565 92694
QIANFAN-31              
1 61564U 24185N   26164.26524869  .00000140  00000+0  17702-3 0  9997
2 61564  88.9810  61.5475 0005599 202.2396 157.8517 13.58038327 92935
QIANFAN-32              
1 61565U 24185P   26164.20595968  .00000045  00000+0  51149-4 0  9998
2 61565  88.9868  62.2306 0007532 257.9089 102.1218 13.50785935 92673
QIANFAN-33              
1 61566U 24185Q   26164.24210903  .00000282  00000+0  19322-3 0  9995
2 61566  88.9823  58.4565 0009350 107.3494 252.8707 13.96701561 94634
QIANFAN-34              
1 61567U 24185R   26164.24331050  .00000280  00000+0  17309-3 0  9994
2 61567  88.9800  57.7786 0007704 108.5736 251.6281 14.02466717 94936
QIANFAN-35              
1 61568U 24185S   26164.22072540  .00000583  00000+0  22807-3 0  9994
2 61568  88.9827  55.4567 0008486  56.0404 304.1596 14.28265626 96226
QIANFAN-36              
1 61569U 24185T   26164.20338232  .00000070  00000+0  83117-4 0  9999
2 61569  88.9802  62.0268 0004413 221.0682 139.0140 13.55634569 92647
QIANFAN-37              
1 62238U 24232B   26164.26234300  .00000113  00000+0  15585-3 0  9994
2 62238  89.0075  22.9793 0001483  73.0119 287.1195 13.51008305123815
QIANFAN-38              
1 62239U 24232C   26164.21294912  .00000092  00000+0  12326-3 0  9991
2 62239  89.0082  22.9124 0015787  34.3193 325.8975 13.51005425123867
QIANFAN-39              
1 62240U 24232D   26164.28922358  .00000272  00000+0  10873-3 0  9997
2 62240  89.0062  16.5109 0015286 192.6591 167.4221 14.25524294127391
QIANFAN-40              
1 62241U 24232E   26164.24586006  .00000111  00000+0  15248-3 0  9993
2 62241  89.0109  22.5447 0015028  41.8746 318.3552 13.51007128124231
QIANFAN-41              
1 62242U 24232F   26164.25413712  .00000099  00000+0  13514-3 0  9997
2 62242  89.0080  22.8565 0015073  30.8771 329.3263 13.51009397123892
QIANFAN-42              
1 62243U 24232G   26164.26301844  .00000256  00000+0  10390-3 0  9995
2 62243  89.0060  16.5882 0013879 199.1779 160.8893 14.24613382127350
QIANFAN-43              
1 62244U 24232H   26164.25001466  .00000093  00000+0  12604-3 0  9991
2 62244  89.0084  22.9303 0016758  35.0765 325.1487 13.51009153 92505
QIANFAN-44              
1 62245U 24232J   26164.23765685  .00000099  00000+0  13495-3 0  9995
2 62245  89.0082  22.7393 0014892  33.1366 327.0715 13.51011212123974
QIANFAN-45              
1 62246U 24232K   26164.20477576  .00000100  00000+0  13555-3 0  9992
2 62246  89.0086  22.8956 0015555  32.5405 327.6702 13.51008746123890
QIANFAN-46              
1 62247U 24232L   26164.22944938  .00000109  00000+0  14955-3 0  9990
2 62247  89.0082  22.9546 0015751  37.5411 322.6837 13.51009540123856
QIANFAN-47              
1 62248U 24232M   26164.23355888  .00000107  00000+0  14658-3 0  9990
2 62248  89.0078  22.8799 0016153  36.5975 323.6276 13.51008235123883
QIANFAN-48              
1 62249U 24232N   26164.27055910  .00000106  00000+0  14593-3 0  9995
2 62249  89.0082  22.8851 0018470  38.1744 322.0712 13.51012801123897
QIANFAN-49              
1 62250U 24232P   26164.25822776  .00000098  00000+0  13364-3 0  9992
2 62250  89.0081  22.8974 0015412  34.2203 325.9938 13.51011480 92488
QIANFAN-50              
1 62251U 24232Q   26164.20888365  .00000091  00000+0  12246-3 0  9995
2 62251  89.0087  22.9204 0017109  34.9606 325.2665 13.51008305 92506
QIANFAN-51              
1 62252U 24232R   26164.26644065  .00000126  00000+0  17644-3 0  9995
2 62252  89.0081  22.8973 0014700  39.1625 321.0587 13.51005107 92509
QIANFAN-52              
1 62253U 24232S   26164.22119600  .00000102  00000+0  13867-3 0  9991
2 62253  89.0076  22.7684 0016485  31.3557 328.8574 13.51010508 92582
QIANFAN-53              
1 62254U 24232T   26164.20059898  .00000098  00000+0  13264-3 0  9997
2 62254  89.0084  22.8887 0015407  32.8683 327.3423 13.51007535 92546
QIANFAN-54              
1 62255U 24232U   26164.24175195  .00000086  00000+0  11516-3 0  9996
2 62255  89.0075  22.5470 0004122  76.4110 283.7500 13.51011477124056
QIANFAN-55              
1 62785U 25016A   26164.26776185  .00000127  00000+0  17706-3 0  9996
2 62785  88.9741  84.2830 0016840 173.6358 186.5011 13.51017934 71839
QIANFAN-56              
1 62786U 25016B   26164.21017216  .00000127  00000+0  17706-3 0  9995
2 62786  88.9715  84.0766 0015395 175.5448 184.5843 13.51018928 71871
QIANFAN-57              
1 62787U 25016C   26164.16903504  .00000118  00000+0  16441-3 0  9999
2 62787  88.9746  84.2912 0002428  56.2173 303.9210 13.51017555 71830
QIANFAN-58              
1 62788U 25016D   26164.21438665  .00000138  00000+0  19541-3 0  9993
2 62788  88.9716  84.0624 0013627 166.5894 193.5622 13.51017055 71884
QIANFAN-59              
1 62789U 25016E   26164.16495034  .00000109  00000+0  15064-3 0  9995
2 62789  88.9739  84.1843 0013854 170.8445 189.2962 13.51011056 71879
QIANFAN-60              
1 62790U 25016F   26164.27189515  .00000130  00000+0  18313-3 0  9997
2 62790  88.9721  84.1099 0015524 167.7574 192.3957 13.51013638 71876
QIANFAN-61              
1 62791U 25016G   26164.23077898  .00000111  00000+0  15373-3 0  9996
2 62791  88.9787  84.4008 0014494 166.7264 193.4271 13.51006339 71884
QIANFAN-62              
1 62792U 25016H   26164.16089852  .00000112  00000+0  15510-3 0  9996
2 62792  88.9734  84.1783 0015840 168.0641 192.0888 13.51015694 71865
QIANFAN-63              
1 62793U 25016J   26164.25958486  .00000133  00000+0  18640-3 0  9995
2 62793  88.9741  84.1319 0015678 173.2207 186.9159 13.51009669 71918
QIANFAN-64              
1 62794U 25016K   26164.30071202  .00000114  00000+0  15793-3 0  9999
2 62794  88.9728  84.0772 0013928 164.7957 195.3616 13.51006397 71916
QIANFAN-65              
1 62795U 25016L   26164.29662847  .00000125  00000+0  17512-3 0  9992
2 62795  88.9724  84.0971 0013717 166.3842 193.7682 13.50997352 71892
QIANFAN-66              
1 62796U 25016M   26164.17728585  .00000135  00000+0  19075-3 0  9999
2 62796  88.9744  84.1155 0014948 163.0445 197.1209 13.51002032 71920
QIANFAN-67              
1 62797U 25016N   26164.25545757  .00000131  00000+0  18385-3 0  9996
2 62797  88.9734  84.1150 0014661 169.7257 190.4197 13.51004633 71900
QIANFAN-68              
1 62798U 25016P   26164.17330180  .00000134  00000+0  18845-3 0  9994
2 62798  88.9738  84.1753 0014802 167.8675 192.2836 13.51017243 71871
QIANFAN-69              
1 62799U 25016Q   26164.26366526  .00000128  00000+0  17926-3 0  9990
2 62799  88.9717  83.9964 0015500 169.4500 190.6979 13.51011236 71923
QIANFAN-70              
1 62800U 25016R   26164.20610231  .00000138  00000+0  19545-3 0  9992
2 62800  88.9737  84.1790 0015465 159.7882 200.3885 13.51009496 71877
QIANFAN-71              
1 62801U 25016S   26164.27603489  .00000125  00000+0  17412-3 0  9994
2 62801  88.9731  84.1402 0015273 172.9983 187.1384 13.51003969 71884
QIANFAN-72              
1 62802U 25016T   26164.21842505  .00000132  00000+0  18501-3 0  9991
2 62802  88.9722  84.1417 0018230 181.9962 178.1119 13.51017089 71866
QIANFAN-73              
1 63159U 25046A   26164.24542655  .00000100  00000+0  13651-3 0  9992
2 63159  88.9705 301.0934 0013305 321.3481  38.6717 13.51017917 72058
QIANFAN-74              
1 63160U 25046B   26164.22912983  .00000115  00000+0  15911-3 0  9994
2 63160  88.9706 300.9847 0002070 108.9677 251.1699 13.51008398 72116
QIANFAN-75              
1 63161U 25046C   26164.21666773  .00000101  00000+0  13731-3 0  9990
2 63161  88.9707 301.2223 0014416 324.4389  35.5801 13.51007134 71982
QIANFAN-76              
1 63162U 25046D   26164.21250662  .00000131  00000+0  18483-3 0  9999
2 63162  88.9707 301.2026 0011965 326.1304  33.9082 13.51014353 71991
QIANFAN-77              
1 63163U 25046E   26164.22758214  .00000304  00000+0  21133-3 0  9995
2 63163  88.9712 297.7042 0013520 223.7139 136.2968 13.96202274 73916
QIANFAN-78              
1 63164U 25046F   26164.25366554  .00000129  00000+0  18110-3 0  9997
2 63164  88.9706 301.0605 0013399 327.8781  32.1553 13.51013520 72072
QIANFAN-79              
1 63165U 25046G   26164.28255296  .00000108  00000+0  14856-3 0  9991
2 63165  88.9709 301.1717 0013153 325.9684  34.0622 13.51011158 72028
QIANFAN-80              
1 63166U 25046H   26164.22497960  .00000118  00000+0  16467-3 0  9993
2 63166  88.9707 300.8796 0012125 331.7066  28.3425 13.51008684 72170
QIANFAN-81              
1 63167U 25046J   26164.27847084  .00000093  00000+0  12532-3 0  9996
2 63167  88.9706 300.9418 0013130 318.9737  41.0425 13.51016305 72138
QIANFAN-82              
1 63168U 25046K   26164.31129650  .00000096  00000+0  13073-3 0  9998
2 63168  88.9707 300.9823 0011157 327.6554  32.3912 13.51010678 72121
QIANFAN-83              
1 63169U 25046L   26164.25862617  .00000137  00000+0  16216-3 0  9997
2 63169  88.9708 300.4047 0012019 298.5216  61.4731 13.62041365 72441
QIANFAN-84              
1 63170U 25046M   26164.26686121  .00000134  00000+0  18874-3 0  9993
2 63170  88.9707 301.1198 0014129 322.3531  37.6630 13.51035645 72048
QIANFAN-85              
1 63171U 25046N   26164.26188429  .00000110  00000+0  15128-3 0  9995
2 63171  88.9706 300.9905 0011626 326.1778  33.8631 13.51017984 72118
QIANFAN-86              
1 63172U 25046P   26164.27028769  .00000102  00000+0  13904-3 0  9998
2 63172  88.9708 300.8561 0009584 332.4375  27.6267 13.51015854 72199
QIANFAN-87              
1 63173U 25046Q   26164.24137529  .00000113  00000+0  15638-3 0  9999
2 63173  88.9705 300.9638 0009985 326.9333  33.1193 13.51017772 72124
QIANFAN-88              
1 63174U 25046R   26164.25785559  .00000112  00000+0  15534-3 0  9997
2 63174  88.9707 300.9212 0010659 335.6940  24.3707 13.51009235 72157
QIANFAN-89              
1 63175U 25046S   26164.22087650  .00000107  00000+0  14721-3 0  9993
2 63175  88.9707 301.1141 0014973 322.7191  37.2920 13.51016035 72044
QIANFAN-90              
1 63176U 25046T   26164.24951507  .00000124  00000+0  17275-3 0  9993
2 63176  88.9707 301.0839 0011856 322.4253  37.6069 13.51014839 72061
QIANFAN-91              
1 66033U 25233A   26164.20791353  .00000122  00000+0  17093-3 0  9999
2 66033  89.0005  43.5933 0001809  75.3504 284.7848 13.51010501 32644
QIANFAN-92              
1 66034U 25233B   26164.21613001  .00000128  00000+0  17910-3 0  9998
2 66034  88.9989  43.5649 0002047  75.3495 284.7883 13.51013610 32645
QIANFAN-93              
1 66035U 25233C   26164.22437088  .00000045  00000+0  51649-4 0  9995
2 66035  89.0016  43.6148 0001864  74.4120 285.7237 13.51011962 32647
QIANFAN-94              
1 66036U 25233D   26164.21202471  .00000128  00000+0  17996-3 0  9999
2 66036  89.0012  43.5195 0001993  78.7159 281.4216 13.51011041 32690
QIANFAN-95              
1 66037U 25233E   26164.22029099  .00000120  00000+0  16722-3 0  9992
2 66037  89.0009  43.0625 0001784  79.3955 280.7397 13.51012129 32947
QIANFAN-96              
1 66038U 25233F   26164.24496115  .00000124  00000+0  17402-3 0  9992
2 66038  89.0008  43.6033 0001748  75.6661 284.4684 13.51011148 32646
QIANFAN-97              
1 66039U 25233G   26164.22848493  .00000113  00000+0  15683-3 0  9998
2 66039  89.0011  43.5890 0001825  75.2556 284.8797 13.51011255 32655
QIANFAN-98              
1 66040U 25233H   26164.23669028  .00000111  00000+0  15259-3 0  9993
2 66040  89.0000  43.3196 0002184  88.5048 271.6353 13.51011275 32793
QIANFAN-99              
1 66041U 25233J   26164.24078948  .00000119  00000+0  16526-3 0  9996
2 66041  89.0012  43.5918 0002000  86.5100 273.6279 13.51011102 32658
QIANFAN-100             
1 66042U 25233K   26164.08448467  .00000119  00000+0  16587-3 0  9993
2 66042  89.0023  43.5341 0001860  74.5002 285.6355 13.50997482 32686
QIANFAN-101             
1 66043U 25233L   26164.22654544  .00000311  00000+0  12215-3 0  9993
2 66043  89.0005  41.0241 0016044 149.1181 211.0960 14.26805587 34063
QIANFAN-102             
1 66044U 25233M   26164.17909686  .00000125  00000+0  17511-3 0  9995
2 66044  89.0010  43.5077 0001968  79.8871 280.2503 13.51011117 32691
QIANFAN-103             
1 66045U 25233N   26164.18322667  .00000122  00000+0  16973-3 0  9993
2 66045  89.0011  43.6023 0001855  74.6038 285.5318 13.51012024 32643
QIANFAN-104             
1 66046U 25233P   26164.18731064  .00000116  00000+0  16051-3 0  9999
2 66046  89.0016  43.5039 0002063  78.8735 281.2648 13.51014287 32694
QIANFAN-105             
1 66047U 25233Q   26164.26964274  .00000097  00000+0  13159-3 0  9994
2 66047  89.0029  43.3381 0001845  79.9173 280.2186 13.51000452 32811
QIANFAN-106             
1 66048U 25233R   26164.19147788  .00000110  00000+0  15220-3 0  9997
2 66048  88.9999  43.5602 0002130  87.0102 273.1293 13.51011198 32644
QIANFAN-107             
1 66049U 25233S   26164.19967644  .00000115  00000+0  16030-3 0  9994
2 66049  89.0014  43.5911 0001874  74.9483 285.1875 13.51010545 32654
QIANFAN-108             
1 66050U 25233T   26164.20380195  .00000120  00000+0  16686-3 0  9991
2 66050  89.0006  43.5787 0002133  85.6207 274.5188 13.51011663 32651
QIANFAN-109             
1 68636U 26075A   26164.21790125  .00000028  00000+0  23990-4 0  9991
2 68636  88.9888 321.4171 0001515  97.0500 263.0824 13.51009988  9257
QIANFAN-110             
1 68637U 26075B   26164.22612647  .00000022  00000+0  16054-4 0  9992
2 68637  88.9888 321.4377 0002030  94.0581 266.0803 13.51011080  9251
QIANFAN-111             
1 68638U 26075C   26164.21253062  .00000069  00000+0  89622-4 0  9996
2 68638  88.9887 321.3986 0012485  23.9725 336.2005 13.49922881  9275
QIANFAN-112             
1 68639U 26075D   26164.25080897  .00000079  00000+0  10326-3 0  9990
2 68639  88.9886 321.4040 0001579  88.5148 271.6184 13.51023045  9272
QIANFAN-113             
1 68640U 26075E   26163.85283589  .00000018  00000+0  80363-5 0  9993
2 68640  88.9888 321.4385 0011522  18.7766 341.3810 13.54118447  9228
QIANFAN-114             
1 68641U 26075F   26164.23018340  .00000076  00000+0  99733-4 0  9992
2 68641  88.9887 321.4190 0002021  94.2632 265.8750 13.51012702  9268
QIANFAN-115             
1 68642U 26075G   26164.25901221  .00000077  00000+0  10099-3 0  9992
2 68642  88.9887 321.4232 0001888  97.5709 262.5656 13.51018133  9260
QIANFAN-116             
1 68643U 26075H   26163.73370774 -.02087265  00000+0 -34310+1 0  9995
2 68643  88.9871 321.4395 0011739  37.5743 322.6226 13.51424594  9209
QIANFAN-117             
1 68644U 26075J   26164.23438268  .00000045  00000+0  50319-4 0  9993
2 68644  88.9884 321.4015 0001769  94.4963 265.6391 13.51020018  9270
QIANFAN-118             
1 68645U 26075K   26164.26724481  .00000024  00000+0  18379-4 0  9999
2 68645  88.9889 321.4059 0002143  92.6263 267.5133 13.51018355  9270
QIANFAN-119             
1 68646U 26075L   26164.24257889  .00000036  00000+0  36537-4 0  9990
2 68646  88.9889 321.4040 0001659  97.3645 262.7695 13.51016226  9273
QIANFAN-120             
1 68647U 26075M   26163.73638855 -.02111746  00000+0 -36202+1 0  9990
2 68647  88.9889 321.4435 0006591  20.7516 339.3900 13.48802923  9216
QIANFAN-121             
1 68648U 26075N   26164.20557411  .00000048  00000+0  55781-4 0  9997
2 68648  88.9888 321.3979 0002081  94.4181 265.7208 13.51024609  9274
QIANFAN-122             
1 68649U 26075P   26164.27139621  .00000069  00000+0  87524-4 0  9997
2 68649  88.9888 321.3894 0001675  94.6131 265.5212 13.51012480  9273
QIANFAN-123             
1 68650U 26075Q   26164.23848064  .00000032  00000+0  31414-4 0  9990
2 68650  88.9883 321.3830 0001450  94.9316 265.2001 13.51010677  9256
QIANFAN-124             
1 68651U 26075R   26164.26316001  .00000021  00000+0  13993-4 0  9995
2 68651  88.9887 321.3892 0001617  94.3117 265.8219 13.51011890  9285
QIANFAN-125             
1 68652U 26075S   26164.20142070  .00000075  00000+0  96794-4 0  9992
2 68652  88.9887 321.3976 0002085  93.4747 266.6643 13.51023497  9273
QIANFAN-126             
1 68653U 26075T   26163.84077470  .00000046  00000+0  49247-4 0  9992
2 68653  88.9901 321.4008 0011607  21.0641 339.0988 13.54280885  9241
QIANFAN-127             
1 69073U 26104A   26164.21717235  .00000119  00000+0  59949-4 0  9995
2 69073  88.9863 342.0569 0005120  97.2978 262.8788 14.09666812  4523
QIANFAN-128             
1 69074U 26104B   26164.21451371  .00000150  00000+0  81634-4 0  9993
2 69074  88.9875 342.0770 0005239  97.4918 262.6860 14.06923145  4518
QIANFAN-129             
1 69075U 26104C   26164.08679859  .00000071  00000+0  30106-4 0  9992
2 69075  88.9864 342.0558 0004817 100.0876 260.0854 14.13159942  4515
QIANFAN-130             
1 69076U 26104D   26164.20002645  .00000112  00000+0  56782-4 0  9994
2 69076  88.9864 342.0732 0005535  96.6630 263.5184 14.08742747  4515
QIANFAN-131             
1 69077U 26104E   26164.23264465  .00000048  00000+0  18865-4 0  9996
2 69077  88.9851 342.0633 0005236 103.4470 256.7299 14.11019804  4526
QIANFAN-132             
1 69078U 26104F   26164.21769153  .00000146  00000+0  80283-4 0  9991
2 69078  88.9852 342.0786 0004858  93.1640 267.0098 14.06136615  4515
QIANFAN-133             
1 69079U 26104G   26164.26495709  .00000006  00000+0 -46580-5 0  9999
2 69079  88.9861 342.0642 0004941  95.6116 264.5631 14.08932745  4521
QIANFAN-134             
1 69080U 26104H   26164.19053803  .00000077  00000+0  37106-4 0  9998
2 69080  88.9859 342.0719 0006147  86.5662 273.6224 14.07724958  4512
QIANFAN-135             
1 69081U 26104J   26164.11046604  .00000046  00000+0  18935-4 0  9997
2 69081  88.9857 342.0800 0004151 103.2809 256.8838 14.08327693  4504
QIANFAN-136             
1 69082U 26104K   26163.96188375 -.02059798  00000+0 -13805+1 0  9991
2 69082  88.9855 342.0931 0004730 163.7104 196.4231 14.05029714  4483
QIANFAN-137             
1 69083U 26104L   26164.20573248  .00000141  00000+0  54924-4 0  9992
2 69083  88.9861 342.0360 0005800 119.3723 240.8049 14.24280937  4534
QIANFAN-138             
1 69084U 26104M   26164.01748524 -.01854554  00000+0 -12168+1 0  9991
2 69084  88.9855 342.0829 0002160  54.9876 305.1509 14.05795100  4490
QIANFAN-139             
1 69085U 26104N   26164.22497440  .00000273  00000+0  14691-3 0  9997
2 69085  88.9861 342.0584 0004159  88.3799 271.7862 14.09954692  4522
QIANFAN-140             
1 69086U 26104P   26164.21972610  .00000134  00000+0  68019-4 0  9994
2 69086  88.9857 342.0589 0004597  94.8482 265.3228 14.09962700  4524
QIANFAN-141             
1 69087U 26104Q   26164.07025417  .00000125  00000+0  61512-4 0  9994
2 69087  88.9864 342.0721 0004412  89.5056 270.6634 14.11223347  4503
QIANFAN-142             
1 69088U 26104R   26163.98906380 -.01845389  00000+0 -11619+1 0  9992
2 69088  88.9859 342.0790 0006985 112.4151 247.7773 14.08047203  4491
QIANFAN-143             
1 69089U 26104S   26163.97449874  .00000076  00000+0  33242-4 0  9995
2 69089  88.9864 342.0763 0004852  89.5887 270.5855 14.12699535  4490
QIANFAN-144             
1 69090U 26104T   26164.05368459 -.00000082  00000+0 -52665-4 0  9995
2 69090  88.9861 342.0692 0004931  83.9971 276.1776 14.12193162  4501
QIANFAN-145             
1 69104U 26108A   26163.97062110 -.01968653  00000+0 -12915+1 0  9998
2 69104  89.0102  22.6918 0013934 130.1457 230.0949 14.05987542  3747
QIANFAN-146             
1 69105U 26108B   26163.94827521 -.01767176  00000+0 -10461+1 0  9992
2 69105  89.0108  22.6703 0021935 125.3005 235.0237 14.11802528  3754
QIANFAN-147             
1 69106U 26108C   26163.95197562 -.01793424  00000+0 -11693+1 0  9992
2 69106  89.0109  22.6889 0013671 123.1850 237.0646 14.06622497  3747
QIANFAN-148             
1 69107U 26108D   26163.94558826 -.01889218  00000+0 -12176+1 0  9990
2 69107  89.0107  22.6876 0016213 127.1290 233.1377 14.06795030  3741
QIANFAN-149             
1 69108U 26108E   26163.94334854 -.01968863  00000+0 -12891+1 0  9992
2 69108  89.0107  22.6871 0015349 133.4018 226.8445 14.06086000  3749
QIANFAN-150             
1 69109U 26108F   26163.93129592 -.02146425  00000+0 -13446+1 0  9993
2 69109  89.0105  22.6882 0019841 107.5667 252.7686 14.08857959  3749
QIANFAN-151             
1 69110U 26108G   26163.99690409 -.02093185  00000+0 -13260+1 0  9999
2 69110  89.0103  22.6784 0020046 113.8988 246.4298 14.08126768  3752
QIANFAN-152             
1 69111U 26108H   26163.98731116 -.02079803  00000+0 -12864+1 0  9990
2 69111  89.0105  22.6765 0020473 108.8650 251.4757 14.09413231  3759
QIANFAN-153             
1 69112U 26108J   26163.98248933 -.02100444  00000+0 -13152+1 0  9998
2 69112  89.0100  22.6749 0020861 111.2260 249.1155 14.08778899  3752
QIANFAN-154             
1 69113U 26108K   26163.97500134 -.02146651  00000+0 -13150+1 0  9990
2 69113  89.0110  22.6748 0018666 100.7153 259.6134 14.10101285  3752
QIANFAN-155             
1 69114U 26108L   26163.97851563 -.01926425  00000+0 -12149+1 0  9997
2 69114  89.0108  22.6755 0019287 121.5570 238.7500 14.08040542  3752
QIANFAN-156             
1 69115U 26108M   26163.96413537 -.01951408  00000+0 -11885+1 0  9997
2 69115  89.0116  22.6746 0021312 111.6361 248.7096 14.09991528  3753
QIANFAN-157             
1 69116U 26108N   26164.00410581 -.01979358  00000+0 -11700+1 0  9990
2 69116  89.0104  22.6610 0021095 120.0487 240.2794 14.11688735  3761
QIANFAN-158             
1 69117U 26108P   26163.95487432 -.01993759  00000+0 -12059+1 0  9992
2 69117  89.0108  22.6713 0018921 109.6457 250.6772 14.10483230  3756
QIANFAN-159             
1 69118U 26108Q   26163.94709349 -.01862284  00000+0 -10966+1 0  9999
2 69118  89.0103  22.6692 0021403 121.5510 238.7769 14.11655025  3757
QIANFAN-160             
1 69119U 26108R   26163.94462367 -.02091966  00000+0 -12234+1 0  9998
2 69119  89.0107  22.6693 0015572 116.1921 244.0868 14.12554805  3754
QIANFAN-161             
1 69120U 26108S   26164.00676544 -.01899044  00000+0 -10983+1 0  9993
2 69120  89.0111  22.6615 0019349 125.5476 234.7518 14.12731874  3762
QIANFAN-162             
1 69121U 26108T   26164.07524993  .00000084  00000+0  34282-4 0  9998
2 69121  89.0114  22.6524 0016153 127.0663 233.2005 14.17313030  3771
QIANFAN-163             
1 69325U 26121A   26158.95635699  .00000032  00000+0  25988-4 0  9991
2 69325  89.0167 301.4498 0019200 214.2671 145.7248 13.60351284   905
QIANFAN-164             
1 69326U 26121B   26162.41240743  .00000112  00000+0  13228-3 0  9992
2 69326  89.0157 301.0998 0019383 205.3125 154.7084 13.60355109  1373
QIANFAN-165             
1 69382U 26124A   26163.88311798 -.02084539  00000+0 -10644+1 0  9993
2 69382  88.9978   2.5286 0004115 184.3071 175.8085 14.19919653  1202
QIANFAN-166             
1 69383U 26124B   26164.16319915  .00000100  00000+0  37910-4 0  9992
2 69383  88.9965   2.5027 0001482 121.4560 238.6777 14.22987399  1247
QIANFAN-167             
1 69384U 26124C   26163.88108973 -.02041980  00000+0 -10244+1 0  9993
2 69384  88.9978   2.5284 0002105 162.2755 197.8509 14.20776910  1207
QIANFAN-168             
1 69385U 26124D   26164.02145989  .00000104  00000+0  38459-4 0  9990
2 69385  88.9982   2.5154 0003352 123.5245 236.6268 14.24420262  1224
QIANFAN-169             
1 69386U 26124E   26164.09132420  .00000127  00000+0  47298-4 0  9990
2 69386  88.9985   2.5039 0002867 171.4075 188.7168 14.25617028  1239
QIANFAN-170             
1 69387U 26124F   26164.23142044  .00000276  00000+0  11050-3 0  9991
2 69387  88.9983   2.4879 0002064 165.6670 194.4582 14.25630032  1250
QIANFAN-171             
1 69388U 26124G   26164.23108333  .00000103  00000+0  37463-4 0  9991
2 69388  88.9984   2.4879 0001986 191.4580 168.6568 14.25624110  1258
QIANFAN-172             
1 69389U 26124H   26164.23118370  .00000408  00000+0  16616-3 0  9998
2 69389  88.9983   2.4879 0002271 182.0684 178.0501 14.25677465  1250
QIANFAN-173             
1 69390U 26124J   26164.23085778  .00000103  00000+0  37488-4 0  9998
2 69390  88.9984   2.4878 0002431 172.0754 188.0478 14.25636536  1255
QIANFAN-174             
1 69391U 26124K   26164.23055078 -.00000210  00000+0 -94722-4 0  9994
2 69391  88.9981   2.4876 0001992 166.2384 193.8864 14.25793262  1259
QIANFAN-175             
1 69392U 26124L   26164.01987855  .00000105  00000+0  38111-4 0  9999
2 69392  88.9987   2.5109 0002615 180.6040 179.5151 14.25625212  1224
QIANFAN-176             
1 69393U 26124M   26164.23027996  .00000103  00000+0  37465-4 0  9994
2 69393  88.9983   2.4878 0001707 179.5920 180.5275 14.25634022  1259
QIANFAN-177             
1 69394U 26124N   26164.15966538 -.00000138  00000+0 -63526-4 0  9997
2 69394  88.9979   2.4959 0002243 161.4691 198.6584 14.26481380  1246
QIANFAN-178             
1 69395U 26124P   26163.87791265 -.01936967  00000+0 -93523+0 0  9993
2 69395  88.9973   2.5412 0005828 161.8855 198.2545 14.22583787  1203
QIANFAN-179             
1 69396U 26124Q   26163.80736712 -.01828337  00000+0 -88857+0 0  9998
2 69396  88.9978   2.5360 0003658 220.2149 139.8772 14.22021294  1197
QIANFAN-180             
1 69397U 26124R   26164.29984744  .00000105  00000+0  37441-4 0  9993
2 69397  88.9983   2.4798 0002221 172.2898 187.8330 14.26488944  1264
QIANFAN-181             
1 69398U 26124S   26163.88331769 -.02096187  00000+0 -10777+1 0  9999
2 69398  88.9980   2.5286 0004483 184.0890 176.0264 14.19577709  1200
QIANFAN-182             
1 69399U 26124T   26164.02111388  .00000104  00000+0  37976-4 0  9994
2 69399  88.9985   2.5121 0001959 167.6455 192.4786 14.25574477  1222
