SCD 1                   
1 22490U 93009B   26163.90508391  .00000325  00000+0  37996-4 0  9998
2 22490  24.9684 234.0175 0042114  92.6653  67.7868 14.46117361760499
TECHSAT 1B (GO-32)      
1 25397U 98043D   26163.92005205  .00000055  00000+0  44031-4 0  9996
2 25397  99.0066 156.5710 0000824 172.5768 187.5423 14.24427656450722
SCD 2                   
1 25504U 98060A   26164.15409937  .00000382  00000+0  55754-4 0  9998
2 25504  24.9947  97.0290 0016973  80.8885 302.2821 14.45524442459745
DLR-TUBSAT              
1 25757U 99029B   26164.22890721  .00000082  00000+0  31938-4 0  9992
2 25757  98.6695 159.6028 0014308   7.2294 352.9104 14.52425962432678
TERRA                   
1 25994U 99068A   26164.25360138  .00000362  00000+0  82662-4 0  9996
2 25994  97.9457 213.9557 0001280 204.7308 230.1329 14.61100215409036
MAROC-TUBSAT            
1 27004U 01056D   26164.22844058 -.00000020  00000+0  30353-4 0  9997
2 27004  99.8079 341.0134 0020204 151.1684  24.7261 13.70262332225647
AQUA                    
1 27424U 02022A   26164.23394086  .00000726  00000+0  15420-3 0  9998
2 27424  98.4276 133.4379 0001256  53.2719  71.0169 14.62152668282690
SHIYAN-1 (SY-1)         
1 28220U 04012A   26164.20380275  .00013221  00000+0  40836-3 0  9999
2 28220  97.8698 242.0132 0005945  46.1275 314.0457 15.33664939210483
AURA                    
1 28376U 04026A   26164.22017056  .00000713  00000+0  15418-3 0  9992
2 28376  98.3416 120.6407 0001257  73.0305 287.1034 14.61323603165637
IRS-P5 (CARTOSAT-1)     
1 28649U 05017A   26164.32020879  .00001200  00000+0  12656-3 0  9997
2 28649  97.5309 187.5601 0002683  84.6728 275.4797 14.91039903143240
SINAH 1                 
1 28893U 05043D   26164.29549855  .00000278  00000+0  62199-4 0  9995
2 28893  98.2854 298.5947 0013180 290.1981  69.7804 14.64155236 99958
RESURS-DK 1             
1 29228U 06021A   26164.20135643  .00002518  00000+0  14752-3 0  9992
2 29228  69.9338 349.8704 0006764 294.8137  65.2325 15.13201545101973
ARIRANG-2 (KOMPSAT-2)   
1 29268U 06031A   26164.34196968  .00000143  00000+0  35206-4 0  9999
2 29268  97.8306 348.9750 0015943  85.6129  35.9383 14.64657198 60919
LAPAN-TUBSAT            
1 29709U 07001A   26164.28140159  .00000495  00000+0  63299-4 0  9994
2 29709  98.1338 163.4168 0011591 192.4744 167.6185 14.85945764 50572
HAIYANG-1B              
1 31113U 07010A   26164.22927431  .00000076  00000+0  44805-4 0  9993
2 31113  98.3493 146.2279 0012768 208.5874 151.4611 14.31025965    78
COSMO-SKYMED 1          
1 31598U 07023A   26164.32526791  .00002377  00000+0  21131-3 0  9991
2 31598  97.8843 356.1492 0001035  93.5246 266.6094 14.97081804 29214
TERRASAR-X              
1 31698U 07026A   26163.44920635  .00000544  00000+0  29072-4 0  9999
2 31698  97.4452 171.2221 0001570  89.6160 270.5254 15.19153846 52509
WORLDVIEW-1 (WV-1)      
1 32060U 07041A   26164.28752893  .00006097  00000+0  25293-3 0  9991
2 32060  97.3871 284.0873 0002631  32.6830 327.4570 15.24226035 42288
YAOGAN-3                
1 32289U 07055A   26164.30148324  .00003286  00000+0  33998-3 0  9998
2 32289  97.8156 194.2181 0001972  87.4457 272.6987 14.90769157  5298
COSMO-SKYMED 2          
1 32376U 07059A   26164.31294294  .00000375  00000+0  53615-4 0  9993
2 32376  97.8885 347.9671 0001374  86.8999 273.2371 14.82152046  1435
RADARSAT-2              
1 32382U 07061A   26164.32935373  .00000465  00000+0  19729-3 0  9991
2 32382  98.5778 171.3171 0001311  81.4127 278.7204 14.29982224965401
CARTOSAT-2A             
1 32783U 08021A   26164.32611495  .00000610  00000+0  88749-4 0  9990
2 32783  97.7642 213.1665 0013026 120.0417 240.2089 14.79233421978231
HUANJING 1A (HJ-1A)     
1 33320U 08041A   26164.25551098  .00001855  00000+0  22840-3 0  9995
2 33320  97.6675 150.2458 0019670 147.0090 213.2357 14.83979890957824
HUANJING 1B (HJ-1B)     
1 33321U 08041B   26164.29025917  .00000890  00000+0  11381-3 0  9992
2 33321  97.6514 153.4629 0035631 193.8533 166.1707 14.83311604957837
GEOEYE 1                
1 33331U 08042A   26164.25806749  .00000396  00000+0  83307-4 0  9999
2 33331  98.1235 238.2390 0005508  79.0976 281.0846 14.64722290949576
THEOS                   
1 33396U 08049A   26164.23470312 -.00000244  00000+0 -94821-4 0  9995
2 33396  98.5578 221.6467 0001271  81.5924 278.5397 14.20131391917403
COSMO-SKYMED 3          
1 33412U 08054A   26164.29189854  .00003724  00000+0  25309-3 0  9992
2 33412  97.8285  22.7986 0014423 281.6353  78.3255 15.06925652956359
YAOGAN-4                
1 33446U 08061A   26164.05185014  .00000922  00000+0  11934-3 0  9991
2 33446  97.9309  97.5927 0015772  84.6471 275.6542 14.83192730945052
GOSAT (IBUKI)           
1 33492U 09002A   26164.25197353  .00001038  00000+0  19149-3 0  9994
2 33492  98.0884 275.3824 0001566  86.9048 273.2336 14.67542923930881
DEIMOS-1                
1 35681U 09041A   26164.32022900  .00000264  00000+0  46003-4 0  9992
2 35681  97.7395 321.7157 0001441 135.8076 224.3249 14.75232628906316
DUBAISAT-1              
1 35682U 09041B   26163.95131097  .00000682  00000+0  10852-3 0  9995
2 35682  98.0047 297.2557 0011737  85.7567 274.4983 14.75117037904475
OCEANSAT-2              
1 35931U 09051A   26164.26782846 -.00000035  00000+0  20286-5 0  9999
2 35931  98.2333 151.5102 0014912 247.8964 112.0619 13.99664810878788
WORLDVIEW-2 (WV-2)      
1 35946U 09055A   26164.26697758  .00000108  00000+0  50370-4 0  9992
2 35946  98.4736 237.7705 0003485 221.7295 138.3627 14.37898356875087
SMOS                    
1 36036U 09059A   26164.22827664  .00000235  00000+0  89001-4 0  9998
2 36036  98.4424 351.6213 0001328  89.6791 270.4549 14.39770624872883
YAOGAN-7                
1 36110U 09069A   26164.22991532  .00000473  00000+0  72557-4 0  9990
2 36110  98.0077  50.1213 0025777  53.9806 306.3788 14.78006200889047
TANDEM-X                
1 36605U 10030A   26163.44920706  .00000555  00000+0  29614-4 0  9994
2 36605  97.4452 171.2246 0001894  88.0917 272.0534 15.19153860885925
CARTOSAT-2B             
1 36795U 10035A   26164.27948965  .00000088  00000+0  19204-4 0  9993
2 36795  97.9960 214.8540 0010848 196.7959 163.2894 14.78654814859275
YAOGAN-10               
1 36834U 10038A   26164.32062326  .00002422  00000+0  28786-3 0  9992
2 36834  97.8981 187.7559 0001731  89.3596  32.6818 14.85340784856632
COSMO-SKYMED 4          
1 37216U 10060A   26164.32560672  .00000198  00000+0  31374-4 0  9995
2 37216  97.8885 347.9816 0001389  82.6881 277.4490 14.82148957843993
RESOURCESAT-2           
1 37387U 11015A   26164.28834598  .00000065  00000+0  49894-4 0  9990
2 37387  98.7644 231.7570 0010143 268.0499  91.9516 14.21605612785627
HAIYANG-2A              
1 37781U 11043A   26164.32578795  .00000365  00000+0  43176-3 0  9997
2 37781  99.3392 167.0869 0006199  97.9859 262.1994 13.74459933746123
RASAT                   
1 37791U 11044D   26164.29873887  .00000176  00000+0  38987-4 0  9990
2 37791  98.0572 255.7547 0019879 201.3632 251.8767 14.68161867792615
SRMSAT                  
1 37841U 11058D   26163.50299332  .00000363  00000+0  53009-4 0  9991
2 37841  19.9716  87.8194 0011893 152.1713   3.7826 14.11574639757159
PLEIADES 1A             
1 38012U 11076F   26164.28970984  .00000167  00000+0  45814-4 0  9994
2 38012  98.1979 239.4447 0001596  97.8791 353.9095 14.58568371771427
ZIYUAN 1-02C (ZY 1-02C) 
1 38038U 11079A   26164.32403119  .00000325  00000+0  12114-3 0  9993
2 38038  98.4078 231.7131 0005740 330.0141 119.2304 14.38211591758652
ARIRANG-3 (KOMPSAT-3)   
1 38338U 12025B   26164.26902351  .00000386  00000+0  85894-4 0  9996
2 38338  98.1176 121.7966 0006539 119.2983 240.8873 14.62202984750773
EXACTVIEW-1 (ADS-1B)    
1 38709U 12039C   26164.30872635  .00000085  00000+0  56158-4 0  9996
2 38709  98.9773 281.6114 0010954 177.3383 182.7856 14.24983464722155
SPOT 6                  
1 38755U 12047A   26164.28755473  .00000164  00000+0  45192-4 0  9997
2 38755  98.2124 231.6422 0001486  93.6825 266.4544 14.58560503732480
PLEIADES 1B             
1 39019U 12068A   26164.30646576  .00000028  00000+0  15771-4 0  9999
2 39019  98.1950 239.4114 0001653  94.8271 265.3117 14.58557527720289
GOKTURK 2               
1 39030U 12073A   26164.28326144  .00000140  00000+0  27438-4 0  9999
2 39030  97.6825   1.9108 0001745  57.9208 302.2172 14.75538110723937
LANDSAT 8               
1 39084U 13008A   26164.24786326  .00000325  00000+0  82338-4 0  9990
2 39084  98.2301 234.4297 0001377  93.5704 266.5652 14.57092137697324
SARAL                   
1 39086U 13009A   26164.27005448  .00000088  00000+0  48256-4 0  9992
2 39086  98.5556 350.8869 0000906 332.3852  27.7284 14.32855009695047
GAOFEN-1                
1 39150U 13018A   26164.26804108  .00000267  00000+0  45518-4 0  9990
2 39150  97.9099 236.4153 0015697 280.5590  79.3851 14.76531262707660
VNREDSAT 1              
1 39160U 13021B   26164.33212223  .00000564  00000+0  11410-3 0  9997
2 39160  97.9087 217.8963 0001689  89.9333 270.2064 14.64853367699727
ARIRANG-5 (KOMPSAT-5)   
1 39227U 13042A   26164.30854962  .00001082  00000+0  81669-4 0  9993
2 39227  97.6212 351.0641 0005073 130.3643 229.8026 15.04480859703279
SKYSAT-A                
1 39418U 13066C   26164.09068778  .00003222  00000+0  18549-3 0  9993
2 39418  97.3819 213.6181 0020451 332.3953  27.6191 15.12954416687865
DUBAISAT-2              
1 39419U 13066D   26164.22774046  .00003279  00000+0  20443-3 0  9999
2 39419  97.4561 154.4751 0012781  52.9877 307.2520 15.10155757685795
GPM-CORE                
1 39574U 14009C   26164.25971478  .00011479  00000+0  25078-3 0  9990
2 39574  64.9720 321.2797 0012035 250.1227 109.8617 15.44488796697201
SENTINEL-1A             
1 39634U 14016A   26164.25321046  .00000075  00000+0  25571-4 0  9994
2 39634  98.1779 171.8433 0001452  81.9712 278.1652 14.59200004649448
KAZEOSAT 1              
1 39731U 14024A   26164.27492244  .00000033  00000+0  23143-4 0  9999
2 39731  98.3209 236.8193 0001412  76.7080 283.4268 14.42078183637999
ALOS-2                  
1 39766U 14029A   26164.28409789  .00000932  00000+0  13171-3 0  9992
2 39766  97.9215 261.5033 0001609  90.6293 269.5103 14.79474635651009
KAZEOSAT 2              
1 40010U 14033A   26164.25577448  .00001040  00000+0  12637-3 0  9993
2 40010  97.5412   4.0761 0008226 343.5770  16.5178 14.85467404648379
HODOYOSHI-4             
1 40011U 14033B   26164.26862271  .00001455  00000+0  16307-3 0  9994
2 40011  97.5452 349.2805 0022745 322.0140  37.9473 14.88119846648228
DEIMOS-2                
1 40013U 14033D   26164.29781413  .00000648  00000+0  66405-4 0  9995
2 40013  97.5845  38.9238 0001817  50.4462 309.6918 14.93715081637145
HODOYOSHI-3             
1 40015U 14033F   26164.00845756  .00000970  00000+0  11771-3 0  9990
2 40015  97.6413 327.2173 0033085  11.0804 349.1133 14.85380752647004
SPOT 7                  
1 40053U 14034A   26164.27769978  .00000256  00000+0  61542-4 0  9992
2 40053  98.0635 226.8700 0001202  90.0015 270.1323 14.60954691636569
SKYSAT-B                
1 40072U 14037D   26164.22498628  .00001249  00000+0  14274-3 0  9994
2 40072  98.3838 122.9641 0004326 298.9459  61.1321 14.88018464645373
WORLDVIEW-3 (WV-3)      
1 40115U 14048A   26164.25929829  .00000787  00000+0  98456-4 0  9990
2 40115  97.8566 239.1463 0001291  31.1443 328.9848 14.85015999641320
GAOFEN-2                
1 40118U 14049A   26164.32498903  .00000069  00000+0  15854-4 0  9990
2 40118  98.0115 228.5356 0005999 242.1372 117.9232 14.80892489638661
YAOGAN-21               
1 40143U 14053A   26164.29467535  .00008624  00000+0  33431-3 0  9991
2 40143  97.1483 204.6976 0010022 104.9093 255.3257 15.26321739654363
YAOGAN-22               
1 40275U 14063A   26164.30708446 -.00000033  00000+0  36509-4 0  9996
2 40275 100.7718 315.5159 0006251 194.0224 166.0714 13.15530941559308
ASNARO                  
1 40298U 14070A   26164.27371429  .00008102  00000+0  38584-3 0  9990
2 40298  97.3461 240.4936 0005307 177.6212 182.5049 15.19381070643416
YAOGAN-24               
1 40310U 14072A   26164.28633848  .00000808  00000+0  12429-3 0  9999
2 40310  98.1476 301.5913 0012544 277.4588  82.5196 14.76218832623143
CBERS 4                 
1 40336U 14079A   26164.27330610  .00000079  00000+0  42283-4 0  9996
2 40336  98.3539 221.2276 0001940  67.0003 293.1387 14.35507891603394
YAOGAN-26               
1 40362U 14088A   26164.25323271  .00031181  00000+0  61292-3 0  9996
2 40362  97.0640 164.5542 0006269  75.3759 284.8187 15.47209999637097
SMAP                    
1 40376U 15003A   26164.25081329  .00000405  00000+0  87376-4 0  9991
2 40376  98.1276 171.4011 0001294  94.5198 265.6152 14.63363448607048
KOMPSAT-3A              
1 40536U 15014A   26164.24928797  .00023890  00000+0  34830-3 0  9998
2 40536  97.6879 155.3236 0056194 188.7941 171.2333 15.53819402621203
SENTINEL-2A             
1 40697U 15028A   26164.29859936 -.00000108  00000+0 -24471-4 0  9994
2 40697  98.5687 239.2053 0001108  90.4477 269.6833 14.30813794573176
GAOFEN-8                
1 40701U 15030A   26164.26870156  .00017362  00000+0  35942-3 0  9999
2 40701  97.6904 357.4046 0008456 200.3478 159.7435 15.45812202610848
CARBONITE 1 (CBNT-1)    
1 40718U 15032D   26164.27065265  .00001659  00000+0  20723-3 0  9990
2 40718  97.6505 342.5015 0013333 312.2621  47.7462 14.83576965588762
YAOGAN-27               
1 40878U 15040A   26164.30353810  .00000328  00000+0  97644-3 0  9994
2 40878 100.1147 150.8545 0007546 220.1961 139.8595 13.16071684517150
GAOFEN-9 01             
1 40894U 15047A   26164.28381229  .00000942  00000+0  12169-3 0  9992
2 40894  97.6276 200.1559 0028117 150.2053 210.0770 14.82876876579613
YAOGAN-28               
1 41026U 15064A   26164.32645786  .00007416  00000+0  27897-3 0  9992
2 41026  97.3064 302.6668 0010260 196.9908 163.0990 15.27376376590094
YAOGAN-29               
1 41038U 15069A   26164.33212736  .00000302  00000+0  43738-4 0  9996
2 41038  98.0034 192.9589 0002815  60.3830 299.7663 14.83082683570053
KENT RIDGE 1            
1 41167U 15077B   26163.71037587  .00004314  00000+0  14593-3 0  9991
2 41167  14.9784 299.2877 0008257 175.1871 184.8531 15.23106692580413
GAOFEN-4                
1 41194U 15083A   26164.09558576 -.00000322  00000+0  00000+0 0  9996
2 41194   0.3453  83.8712 0004336 113.2557 204.4145  1.00270961 38484
JASON-3                 
1 41240U 16002A   26164.27447783 -.00000052  00000+0  39709-4 0  9990
2 41240  66.0399 134.0610 0008550 272.9506  87.0534 12.87628003486743
SENTINEL-3A             
1 41335U 16011A   26164.28928810  .00000091  00000+0  55469-4 0  9994
2 41335  98.6249 231.7288 0001378 103.1220 257.0114 14.26738944537503
ZIYUAN 3-02 (ZY 3-02)   
1 41556U 16033A   26164.30937154  .00005278  00000+0  23767-3 0  9994
2 41556  97.3842 240.1578 0011312 305.3419  54.6758 15.21445714557394
CARTOSAT-2C             
1 41599U 16040A   26164.30626774  .00006150  00000+0  29424-3 0  9998
2 41599  97.4491 224.3374 0010242 143.8382 216.3547 15.19291520553126
SKYSAT-C1               
1 41601U 16040C   26164.04768516  .00009695  00000+0  27653-3 0  9993
2 41601  96.9567 195.9918 0003818  66.4009 293.7637 15.36234245557237
LAPAN-A3                
1 41603U 16040E   26164.27495906  .00003405  00000+0  10872-3 0  9998
2 41603  97.1483 160.5490 0011331  38.8477 321.3578 15.33081105554212
GAOFEN-3                
1 41727U 16049A   26164.26818433  .00000226  00000+0  81808-4 0  9993
2 41727  98.4012 172.1133 0001304  97.8813 262.2525 14.42215674518081
SKYSAT-C4               
1 41771U 16058B   26164.00258218  .00017056  00000+0  32254-3 0  9992
2 41771  96.9172 185.9501 0001093 124.5870 235.5485 15.48461231544825
SKYSAT-C5               
1 41772U 16058C   26164.06073846  .00008333  00000+0  25225-3 0  9999
2 41772  97.0475 204.8851 0001481 344.6003  15.5196 15.34414316543110
SKYSAT-C2               
1 41773U 16058D   26164.30095057  .00012107  00000+0  28586-3 0  9992
2 41773  97.0168 186.5421 0004946  78.8470 281.3334 15.41986667544458
SKYSAT-C3               
1 41774U 16058E   26164.08258982  .00022907  00000+0  37670-3 0  9999
2 41774  96.9005 195.0877 0001653  85.7708 274.3734 15.52370755545476
ALSAT-1B                
1 41785U 16059C   26164.29830225  .00000263  00000+0  49032-4 0  9998
2 41785  97.7751 173.2298 0007868 234.6839 125.3634 14.72271851520008
PATHFINDER 1            
1 41787U 16059E   26164.25044348  .00000529  00000+0  10072-3 0  9995
2 41787  97.8167 163.7043 0027507 216.4783 143.4549 14.67659016519137
SCATSAT 1               
1 41790U 16059H   26164.15543825  .00000993  00000+0  13729-3 0  9999
2 41790  98.1191 227.8798 0053269 260.8436  98.6746 14.79517665100999
GOKTURK 1A              
1 41875U 16073A   26164.27830351  .00000301  00000+0  68264-4 0  9993
2 41875  98.1261  59.0142 0001443  75.6335 284.5027 14.62771665508259
RESOURCESAT-2A          
1 41877U 16074A   26164.27016216  .00000025  00000+0  31545-4 0  9997
2 41877  98.7530 237.8064 0003367  91.2035 268.9528 14.21614594493744
CARTOSAT-2D             
1 41948U 17008A   26164.27256737  .00004673  00000+0  22453-3 0  9998
2 41948  97.4116 223.6511 0003627 245.9023 114.1832 15.19307219516986
SENTINEL-2B             
1 42063U 17013A   26164.29140499 -.00000064  00000+0 -79432-5 0  9995
2 42063  98.5695 239.1207 0001189  87.7325 272.3994 14.30815448484082
CARTOSAT-2E             
1 42767U 17036C   26164.29028343  .00005223  00000+0  25118-3 0  9994
2 42767  97.4284 224.1565 0002846 338.9239  21.1878 15.19228378497557
FORMOSAT-5              
1 42920U 17049A   26164.25991782  .00000141  00000+0  46666-4 0  9997
2 42920  98.2253 239.6568 0012703  95.1874 265.0771 14.50897499466105
SENTINEL-5P             
1 42969U 17064A   26164.25466406  .00000031  00000+0  35532-4 0  9995
2 42969  98.7926 106.4139 0000984  84.0101 276.1187 14.19518406449000
SKYSAT-C11              
1 42987U 17068A   26164.13891828  .00028641  00000+0  38742-3 0  9998
2 42987  97.4340 312.7944 0000774  88.6413 271.4931 15.57694720482611
SKYSAT-C10              
1 42988U 17068B   26164.31483198  .00009244  00000+0  27832-3 0  9992
2 42988  97.4495 301.1244 0001158  94.1400 265.9975 15.34577109481760
SKYSAT-C9               
1 42989U 17068C   26163.88975218  .00013484  00000+0  32352-3 0  9997
2 42989  97.4414 301.5892 0009202 146.5741 213.6088 15.41459290482093
SKYSAT-C8               
1 42990U 17068D   26163.96651773  .00010396  00000+0  29040-3 0  9994
2 42990  97.4511 300.5566 0001487  97.1034 263.0380 15.36896956481667
SKYSAT-C7               
1 42991U 17068E   26164.28554898  .00010408  00000+0  29092-3 0  9992
2 42991  97.4524 301.8690 0007167 117.7229 242.4743 15.36853476481776
SKYSAT-C6               
1 42992U 17068F   26163.90722510  .00009542  00000+0  29113-3 0  9990
2 42992  97.4556 301.4711 0004226 148.6787 211.4708 15.34139721481660
CARTOSAT-2F             
1 43111U 18004A   26164.25649588  .00005028  00000+0  24223-3 0  9999
2 43111  97.4793 223.9294 0000432 260.5915  99.5271 15.19186186466734
GAOFEN-1 02             
1 43259U 18031A   26164.30001913  .00000515  00000+0  81519-4 0  9990
2 43259  98.0532 226.8378 0004066  43.3832 316.7697 14.76450956442126
GAOFEN-1 03             
1 43260U 18031B   26164.27819940  .00000664  00000+0  10287-3 0  9993
2 43260  98.0524 226.6749 0003797  86.9450 273.2194 14.76463923442114
GAOFEN-1 04             
1 43262U 18031D   26164.32166066  .00000314  00000+0  52512-4 0  9995
2 43262  98.0534 226.9084 0002245  86.1959 273.9507 14.76472463442119
SENTINEL-3B             
1 43437U 18039A   26164.19229790  .00000102  00000+0  60105-4 0  9998
2 43437  98.6249 231.7817 0000769  82.8273 277.2995 14.26733805423551
GAOFEN-5 01             
1 43461U 18043A   26164.15693260  .00000283  00000+0  68310-4 0  9999
2 43461  98.4568 135.6586 0003034  90.4173 269.7375 14.60602744431100
GAOFEN-6                
1 43484U 18048A   26164.27633626  .00000648  00000+0  99937-4 0  9996
2 43484  97.8550 227.1245 0011521 180.2035 179.9172 14.76594042432817
GAOFEN-11 01            
1 43585U 18063A   26164.31286041  .00020627  00000+0  30660-3 0  9991
2 43585  97.1299 231.2034 0003669  12.9509 347.1839 15.55188530439742
ICESAT-2                
1 43613U 18070A   26164.16077783  .00010396  00000+0  37800-3 0  9990
2 43613  92.0072 289.8913 0005825 115.1309 245.0546 15.28214621431847
HYSIS                   
1 43719U 18096A   26164.28663413  .00001251  00000+0  17767-3 0  9999
2 43719  97.9845 231.0653 0001873 110.7763 249.3649 14.78689021406847
KAZSTSAT                
1 43783U 18099AB  26164.09461813  .00001364  00000+0  11453-3 0  9993
2 43783  97.4264 196.2091 0008262  80.4656 279.7502 14.99854805410699
SAUDISAT 5A             
1 43831U 18102A   26164.30114824  .00005693  00000+0  21072-3 0  9990
2 43831  97.3075 225.9567 0010780 141.1711 219.0305 15.28009666415081
SAUDISAT 5B             
1 43833U 18102C   26164.32064766  .00005407  00000+0  19866-3 0  9994
2 43833  97.3183 229.0384 0011432 143.3561 216.8463 15.28268527415204
GAOFEN-10R              
1 44622U 19066A   26164.30804752  .00001071  00000+0  13829-3 0  9992
2 44622  98.0497 117.8591 0006426 138.1047 222.0659 14.83052922361801
CARTOSAT-3              
1 44804U 19081A   26164.27140243  .00004490  00000+0  21579-3 0  9994
2 44804  97.4311 226.2009 0012807 161.0855 199.0858 15.19256241362874
GAOFEN-12 01            
1 44819U 19082A   26164.29479073  .00000358  00000+0  53507-4 0  9995
2 44819  97.8100 170.7770 0002378  75.0739 285.0737 14.80455607353512
CSG-1                   
1 44873U 19092A   26164.27075015  .00000372  00000+0  53283-4 0  9999
2 44873  97.8888 347.9302 0001476  89.3870 270.7513 14.82150097350894
NEMO-HD                 
1 46277U 20061F   26164.24260525  .00011599  00000+0  25183-3 0  9996
2 46277  97.1928 226.2351 0002439  85.4426 274.7102 15.44519850321373
SENTINEL-6A             
1 46984U 20086A   26164.25976286 -.00000047  00000+0  62745-4 0  9990
2 46984  66.0391 143.2097 0007941 270.2862  89.7243 12.80929995259825
CAS500-1                
1 47932U 21022A   26164.31106051  .00006657  00000+0  31061-3 0  9995
2 47932  97.3915  59.6434 0004032 320.9558  39.1386 15.20166734290177
GAOFEN-12 02            
1 48079U 21026A   26164.30543257  .00000342  00000+0  51816-4 0  9990
2 48079  97.9928 162.5019 0003468 238.5401 121.5472 14.80293416281182
PLEIADES NEO 3          
1 48268U 21034A   26164.26872939  .00000576  00000+0  79774-4 0  9998
2 48268  97.8934 239.0918 0001395  89.1802 270.9571 14.81677804277078
PLEIADES NEO 4          
1 49070U 21073E   26164.30249788  .00001278  00000+0  16898-3 0  9995
2 49070  97.8938 239.1208 0001384  89.2295 270.9077 14.81682404260796
LANDSAT 9               
1 49260U 21088A   26164.21364708  .00000290  00000+0  74562-4 0  9998
2 49260  98.2281 234.4393 0001438  85.2988 274.8374 14.57094419250429
CSG-2                   
1 51444U 22008A   26164.30449674 -.00000171  00000+0 -14909-4 0  9993
2 51444  97.8886 347.9588 0001445  84.3460 275.7918 14.82152157236016
GAOFEN-12 03            
1 52912U 22069A   26164.26704140  .00001163  00000+0  16034-3 0  9998
2 52912  97.8292  52.2365 0001893 105.0793 255.0628 14.80030071214039
SWOT                    
1 54754U 22173A   26164.20117622  .00000097  00000+0  67229-4 0  9995
2 54754  77.6108  40.6912 0000243  94.3111 265.8069 14.00169149178597
GAOFEN-12 04            
1 57654U 23123A   26164.28423804  .00000927  00000+0  12874-3 0  9990
2 57654  97.9128  82.3580 0001789  84.5441 275.5975 14.80221834152058
PARS 1                  
1 59065U 24039Q   26164.30074559  .00011142  00000+0  23252-3 0  9990
2 59065  97.4814 145.0979 0011274 123.2459 236.9872 15.45648349128047
RESURS-P 4              
1 59371U 24061A   26164.27917275  .00002965  00000+0  98093-4 0  9991
2 59371  97.2751 112.2459 0001891 131.2491 228.8914 15.32110252123161
LEGION 1                
1 59625U 24081A   26164.26841939  .00003416  00000+0  17793-3 0  9996
2 59625  97.5023 242.1669 0009893  30.8955 329.2858 15.16641619116942
LEGION 2                
1 59626U 24081B   26164.23236867  .00004009  00000+0  20826-3 0  9992
2 59626  97.5022 242.2289 0011145 357.9600   2.1585 15.16620070116946
ALOS-4 (DAICHI-4)       
1 60182U 24123A   26164.30344148  .00001399  00000+0  19416-3 0  9990
2 60182  97.9244 261.5317 0001575  98.0494 262.0896 14.79468204105308
LEGION 3                
1 60452U 24146A   26164.17734351  .00003601  00000+0  19769-3 0  9998
2 60452  45.0026  52.0595 0007210 146.2418 213.8921 15.16011099101414
LEGION 4                
1 60453U 24146B   26164.24629631  .00003200  00000+0  17703-3 0  9992
2 60453  44.9995 143.6006 0014069 287.7636  72.1707 15.16002622100278
SENTINEL-2C             
1 60989U 24157A   26164.18653046  .00000083  00000+0  48319-4 0  9992
2 60989  98.5691 239.0250 0001088  79.5050 280.6255 14.30816729 92411
IONOSFERA-M 1           
1 61735U 24199A   26164.25553898  .00000049  00000+0  41275-4 0  9996
2 61735  98.7178  37.4692 0001844 115.4318 244.7051 14.22753580127140
IONOSFERA-M 2           
1 61736U 24199B   26164.28984378  .00000057  00000+0  44977-4 0  9992
2 61736  98.7177  37.4138 0001211  42.4312 317.6959 14.22756832130274
PRSC-EO1                
1 62725U 25012A   26164.30166385  .00006785  00000+0  33956-3 0  9997
2 62725  97.4232 236.8371 0004260 268.5452  91.5293 15.17722311 77604
BIOMASS                 
1 63772U 25090A   26164.28347317  .00000935  00000+0  17338-3 0  9996
2 63772  98.0741 351.6572 0001372  91.7078 268.4284 14.67537430 60112
GOSAT-GW (IBUKI GW)     
1 64694U 25141A   26164.30380428  .00000411  00000+0  80922-4 0  9999
2 64694  98.0569 101.6840 0001431  84.3061 275.8307 14.67556445 51273
IONOSFERA-M 3           
1 64876U 25155A   26164.23366130  .00000034  00000+0  35220-4 0  9994
2 64876  98.6023 126.2382 0000780 164.3051 195.8151 14.21485862 45842
IONOSFERA-M 4           
1 64877U 25155B   26164.26850924  .00000040  00000+0  37668-4 0  9992
2 64877  98.6030 126.1896 0000908 119.9867 240.1401 14.21488039 45844
MICROCARB               
1 64899U 25156A   26164.20801942  .00000456  00000+0  79942-4 0  9999
2 64899  97.9831 241.4163 0014993 286.2051  73.7507 14.72321705 47389
CO3D 3                  
1 64900U 25156B   26164.17243796  .00004572  00000+0  21412-3 0  9996
2 64900  97.4335 242.9230 0001314 133.3812 226.7532 15.20210297 48923
CO3D 4                  
1 64901U 25156C   26164.23841599  .00000254  00000+0  14845-4 0  9995
2 64901  97.4331 242.9882 0000489  11.3185 348.8061 15.20191712 48937
CO3D 2                  
1 64902U 25156D   26164.27089129  .00004505  00000+0  21106-3 0  9993
2 64902  97.4333 242.9190 0001479 112.2010 247.9382 15.20211519 48933
CO3D 1                  
1 64903U 25156E   26164.27104485  .00005087  00000+0  23786-3 0  9999
2 64903  97.4334 242.9192 0001295 114.8612 245.2758 15.20213823 48937
PRSC-S1                 
1 65055U 25164A   26164.28608425  .00005086  00000+0  35042-3 0  9998
2 65055  41.1315 309.7819 0007129 319.8638  40.1649 15.06424937 47840
SENTINEL-6B             
1 66514U 25264A   26164.26011091 -.00000049  00000+0  50699-4 0  9996
2 66514  66.0391 143.3350 0008034 269.2381  90.7713 12.80929965 26662
CAS500-3                
1 66655U 25274F   26164.24858751  .00001135  00000+0  12855-3 0  9990
2 66655  97.7448  92.3892 0006583 120.4261 239.7608 14.88312308 29565
CSG-3                   
1 67304U 26001A   26164.21591080  .00000311  00000+0  45686-4 0  9991
2 67304  97.8885 347.8753 0001341  94.5284 265.6083 14.82151311 23872
PRSC-E03                
1 68835U 26092A   26164.27796534  .00002504  00000+0  17280-3 0  9992
2 68835  38.0000 112.7314 0004409 335.0853  24.9695 15.06649983  7368
CAS500-2                
1 69013U 26100AK  26164.26958264  .00006605  00000+0  30445-3 0  9994
2 69013  97.4087  62.1925 0010993  47.1994 313.0164 15.20546033  6213
